{
 "cells": [
  {
   "cell_type": "markdown",
   "metadata": {},
   "source": [
    "# Momentum ETF Performance"
   ]
  },
  {
   "cell_type": "code",
   "execution_count": 2,
   "metadata": {},
   "outputs": [],
   "source": [
    "import pandas as pd\n",
    "import numpy as np\n",
    "from pandas_datareader import DataReader as pdr\n",
    "import plotly.graph_objects as go\n",
    "import statsmodels.api as sm"
   ]
  },
  {
   "cell_type": "code",
   "execution_count": 19,
   "metadata": {},
   "outputs": [
    {
     "data": {
      "text/html": [
       "<div>\n",
       "<style scoped>\n",
       "    .dataframe tbody tr th:only-of-type {\n",
       "        vertical-align: middle;\n",
       "    }\n",
       "\n",
       "    .dataframe tbody tr th {\n",
       "        vertical-align: top;\n",
       "    }\n",
       "\n",
       "    .dataframe thead th {\n",
       "        text-align: right;\n",
       "    }\n",
       "</style>\n",
       "<table border=\"1\" class=\"dataframe\">\n",
       "  <thead>\n",
       "    <tr style=\"text-align: right;\">\n",
       "      <th>Symbols</th>\n",
       "      <th>MTUM</th>\n",
       "      <th>PDP</th>\n",
       "      <th>XMMO</th>\n",
       "      <th>ONEO</th>\n",
       "      <th>VFMO</th>\n",
       "      <th>JMOM</th>\n",
       "      <th>SPMO</th>\n",
       "      <th>QMOM</th>\n",
       "      <th>FDMO</th>\n",
       "      <th>MMTM</th>\n",
       "    </tr>\n",
       "    <tr>\n",
       "      <th>Date</th>\n",
       "      <th></th>\n",
       "      <th></th>\n",
       "      <th></th>\n",
       "      <th></th>\n",
       "      <th></th>\n",
       "      <th></th>\n",
       "      <th></th>\n",
       "      <th></th>\n",
       "      <th></th>\n",
       "      <th></th>\n",
       "    </tr>\n",
       "  </thead>\n",
       "  <tbody>\n",
       "    <tr>\n",
       "      <th>2005-03</th>\n",
       "      <td>NaN</td>\n",
       "      <td>NaN</td>\n",
       "      <td>NaN</td>\n",
       "      <td>NaN</td>\n",
       "      <td>NaN</td>\n",
       "      <td>NaN</td>\n",
       "      <td>NaN</td>\n",
       "      <td>NaN</td>\n",
       "      <td>NaN</td>\n",
       "      <td>NaN</td>\n",
       "    </tr>\n",
       "    <tr>\n",
       "      <th>2005-04</th>\n",
       "      <td>NaN</td>\n",
       "      <td>NaN</td>\n",
       "      <td>-0.036806</td>\n",
       "      <td>NaN</td>\n",
       "      <td>NaN</td>\n",
       "      <td>NaN</td>\n",
       "      <td>NaN</td>\n",
       "      <td>NaN</td>\n",
       "      <td>NaN</td>\n",
       "      <td>NaN</td>\n",
       "    </tr>\n",
       "    <tr>\n",
       "      <th>2005-05</th>\n",
       "      <td>NaN</td>\n",
       "      <td>NaN</td>\n",
       "      <td>0.067772</td>\n",
       "      <td>NaN</td>\n",
       "      <td>NaN</td>\n",
       "      <td>NaN</td>\n",
       "      <td>NaN</td>\n",
       "      <td>NaN</td>\n",
       "      <td>NaN</td>\n",
       "      <td>NaN</td>\n",
       "    </tr>\n",
       "    <tr>\n",
       "      <th>2005-06</th>\n",
       "      <td>NaN</td>\n",
       "      <td>NaN</td>\n",
       "      <td>0.043214</td>\n",
       "      <td>NaN</td>\n",
       "      <td>NaN</td>\n",
       "      <td>NaN</td>\n",
       "      <td>NaN</td>\n",
       "      <td>NaN</td>\n",
       "      <td>NaN</td>\n",
       "      <td>NaN</td>\n",
       "    </tr>\n",
       "    <tr>\n",
       "      <th>2005-07</th>\n",
       "      <td>NaN</td>\n",
       "      <td>NaN</td>\n",
       "      <td>0.034304</td>\n",
       "      <td>NaN</td>\n",
       "      <td>NaN</td>\n",
       "      <td>NaN</td>\n",
       "      <td>NaN</td>\n",
       "      <td>NaN</td>\n",
       "      <td>NaN</td>\n",
       "      <td>NaN</td>\n",
       "    </tr>\n",
       "    <tr>\n",
       "      <th>...</th>\n",
       "      <td>...</td>\n",
       "      <td>...</td>\n",
       "      <td>...</td>\n",
       "      <td>...</td>\n",
       "      <td>...</td>\n",
       "      <td>...</td>\n",
       "      <td>...</td>\n",
       "      <td>...</td>\n",
       "      <td>...</td>\n",
       "      <td>...</td>\n",
       "    </tr>\n",
       "    <tr>\n",
       "      <th>2022-06</th>\n",
       "      <td>-0.063900</td>\n",
       "      <td>-0.111778</td>\n",
       "      <td>-0.119705</td>\n",
       "      <td>-0.092563</td>\n",
       "      <td>-0.095816</td>\n",
       "      <td>-0.083604</td>\n",
       "      <td>-0.081897</td>\n",
       "      <td>-0.119669</td>\n",
       "      <td>-0.078737</td>\n",
       "      <td>-0.081897</td>\n",
       "    </tr>\n",
       "    <tr>\n",
       "      <th>2022-07</th>\n",
       "      <td>0.051698</td>\n",
       "      <td>0.109692</td>\n",
       "      <td>0.125668</td>\n",
       "      <td>0.086619</td>\n",
       "      <td>0.083573</td>\n",
       "      <td>0.101321</td>\n",
       "      <td>0.079079</td>\n",
       "      <td>0.095048</td>\n",
       "      <td>0.097747</td>\n",
       "      <td>0.085748</td>\n",
       "    </tr>\n",
       "    <tr>\n",
       "      <th>2022-08</th>\n",
       "      <td>-0.019942</td>\n",
       "      <td>-0.020114</td>\n",
       "      <td>-0.031968</td>\n",
       "      <td>-0.024062</td>\n",
       "      <td>-0.003931</td>\n",
       "      <td>-0.033766</td>\n",
       "      <td>-0.029546</td>\n",
       "      <td>0.029649</td>\n",
       "      <td>-0.026617</td>\n",
       "      <td>-0.030198</td>\n",
       "    </tr>\n",
       "    <tr>\n",
       "      <th>2022-09</th>\n",
       "      <td>-0.059549</td>\n",
       "      <td>-0.086327</td>\n",
       "      <td>-0.095988</td>\n",
       "      <td>-0.092596</td>\n",
       "      <td>-0.076418</td>\n",
       "      <td>-0.090016</td>\n",
       "      <td>-0.069751</td>\n",
       "      <td>-0.078289</td>\n",
       "      <td>-0.074334</td>\n",
       "      <td>-0.080305</td>\n",
       "    </tr>\n",
       "    <tr>\n",
       "      <th>2022-10</th>\n",
       "      <td>0.107181</td>\n",
       "      <td>0.082125</td>\n",
       "      <td>0.106923</td>\n",
       "      <td>0.094777</td>\n",
       "      <td>0.107020</td>\n",
       "      <td>0.068169</td>\n",
       "      <td>0.118904</td>\n",
       "      <td>0.143667</td>\n",
       "      <td>0.067607</td>\n",
       "      <td>0.073469</td>\n",
       "    </tr>\n",
       "  </tbody>\n",
       "</table>\n",
       "<p>212 rows × 10 columns</p>\n",
       "</div>"
      ],
      "text/plain": [
       "Symbols      MTUM       PDP      XMMO      ONEO      VFMO      JMOM      SPMO  \\\n",
       "Date                                                                            \n",
       "2005-03       NaN       NaN       NaN       NaN       NaN       NaN       NaN   \n",
       "2005-04       NaN       NaN -0.036806       NaN       NaN       NaN       NaN   \n",
       "2005-05       NaN       NaN  0.067772       NaN       NaN       NaN       NaN   \n",
       "2005-06       NaN       NaN  0.043214       NaN       NaN       NaN       NaN   \n",
       "2005-07       NaN       NaN  0.034304       NaN       NaN       NaN       NaN   \n",
       "...           ...       ...       ...       ...       ...       ...       ...   \n",
       "2022-06 -0.063900 -0.111778 -0.119705 -0.092563 -0.095816 -0.083604 -0.081897   \n",
       "2022-07  0.051698  0.109692  0.125668  0.086619  0.083573  0.101321  0.079079   \n",
       "2022-08 -0.019942 -0.020114 -0.031968 -0.024062 -0.003931 -0.033766 -0.029546   \n",
       "2022-09 -0.059549 -0.086327 -0.095988 -0.092596 -0.076418 -0.090016 -0.069751   \n",
       "2022-10  0.107181  0.082125  0.106923  0.094777  0.107020  0.068169  0.118904   \n",
       "\n",
       "Symbols      QMOM      FDMO      MMTM  \n",
       "Date                                   \n",
       "2005-03       NaN       NaN       NaN  \n",
       "2005-04       NaN       NaN       NaN  \n",
       "2005-05       NaN       NaN       NaN  \n",
       "2005-06       NaN       NaN       NaN  \n",
       "2005-07       NaN       NaN       NaN  \n",
       "...           ...       ...       ...  \n",
       "2022-06 -0.119669 -0.078737 -0.081897  \n",
       "2022-07  0.095048  0.097747  0.085748  \n",
       "2022-08  0.029649 -0.026617 -0.030198  \n",
       "2022-09 -0.078289 -0.074334 -0.080305  \n",
       "2022-10  0.143667  0.067607  0.073469  \n",
       "\n",
       "[212 rows x 10 columns]"
      ]
     },
     "execution_count": 19,
     "metadata": {},
     "output_type": "execute_result"
    }
   ],
   "source": [
    "# Pull data\n",
    "ticker_list = ['MTUM','PDP','XMMO','ONEO','VFMO','JMOM','SPMO','QMOM','FDMO','MMTM']\n",
    "\n",
    "# Pull the data from Yahoo\n",
    "df = pdr(ticker_list, \"yahoo\", start=2000)\n",
    "df = df.loc[:,('Adj Close',slice(None))].droplevel('Attributes', axis=1)\n",
    "df = df.resample('M').last()\n",
    "df = df.pct_change()\n",
    "df.index = df.index.to_period(\"M\")\n",
    "df"
   ]
  },
  {
   "cell_type": "code",
   "execution_count": 20,
   "metadata": {},
   "outputs": [],
   "source": [
    "# Add factors\n",
    "ff3 = pdr('F-F_Research_Data_Factors','famafrench', start=1900)[0]/100\n",
    "Mom = pdr('F-F_Momentum_Factor','famafrench', start=1900)[0]/100\n",
    "Mom.columns = ['Mom']\n",
    "ff = ff3.join(Mom)\n",
    "df = df.join(ff)"
   ]
  },
  {
   "cell_type": "code",
   "execution_count": 27,
   "metadata": {},
   "outputs": [
    {
     "data": {
      "text/html": [
       "<div>\n",
       "<style scoped>\n",
       "    .dataframe tbody tr th:only-of-type {\n",
       "        vertical-align: middle;\n",
       "    }\n",
       "\n",
       "    .dataframe tbody tr th {\n",
       "        vertical-align: top;\n",
       "    }\n",
       "\n",
       "    .dataframe thead tr th {\n",
       "        text-align: left;\n",
       "    }\n",
       "</style>\n",
       "<table border=\"1\" class=\"dataframe\">\n",
       "  <thead>\n",
       "    <tr>\n",
       "      <th></th>\n",
       "      <th colspan=\"5\" halign=\"left\">CAPM</th>\n",
       "      <th colspan=\"5\" halign=\"left\">FF4</th>\n",
       "    </tr>\n",
       "    <tr>\n",
       "      <th></th>\n",
       "      <th>alpha</th>\n",
       "      <th>beta</th>\n",
       "      <th>t_alpha</th>\n",
       "      <th>t_beta</th>\n",
       "      <th>nobs</th>\n",
       "      <th>alpha</th>\n",
       "      <th>beta</th>\n",
       "      <th>t_alpha</th>\n",
       "      <th>t_beta</th>\n",
       "      <th>nobs</th>\n",
       "    </tr>\n",
       "  </thead>\n",
       "  <tbody>\n",
       "    <tr>\n",
       "      <th>MTUM</th>\n",
       "      <td>NaN</td>\n",
       "      <td>NaN</td>\n",
       "      <td>NaN</td>\n",
       "      <td>NaN</td>\n",
       "      <td>NaN</td>\n",
       "      <td>NaN</td>\n",
       "      <td>NaN</td>\n",
       "      <td>NaN</td>\n",
       "      <td>NaN</td>\n",
       "      <td>NaN</td>\n",
       "    </tr>\n",
       "    <tr>\n",
       "      <th>PDP</th>\n",
       "      <td>NaN</td>\n",
       "      <td>NaN</td>\n",
       "      <td>NaN</td>\n",
       "      <td>NaN</td>\n",
       "      <td>NaN</td>\n",
       "      <td>NaN</td>\n",
       "      <td>NaN</td>\n",
       "      <td>NaN</td>\n",
       "      <td>NaN</td>\n",
       "      <td>NaN</td>\n",
       "    </tr>\n",
       "    <tr>\n",
       "      <th>XMMO</th>\n",
       "      <td>NaN</td>\n",
       "      <td>NaN</td>\n",
       "      <td>NaN</td>\n",
       "      <td>NaN</td>\n",
       "      <td>NaN</td>\n",
       "      <td>NaN</td>\n",
       "      <td>NaN</td>\n",
       "      <td>NaN</td>\n",
       "      <td>NaN</td>\n",
       "      <td>NaN</td>\n",
       "    </tr>\n",
       "    <tr>\n",
       "      <th>ONEO</th>\n",
       "      <td>NaN</td>\n",
       "      <td>NaN</td>\n",
       "      <td>NaN</td>\n",
       "      <td>NaN</td>\n",
       "      <td>NaN</td>\n",
       "      <td>NaN</td>\n",
       "      <td>NaN</td>\n",
       "      <td>NaN</td>\n",
       "      <td>NaN</td>\n",
       "      <td>NaN</td>\n",
       "    </tr>\n",
       "    <tr>\n",
       "      <th>VFMO</th>\n",
       "      <td>NaN</td>\n",
       "      <td>NaN</td>\n",
       "      <td>NaN</td>\n",
       "      <td>NaN</td>\n",
       "      <td>NaN</td>\n",
       "      <td>NaN</td>\n",
       "      <td>NaN</td>\n",
       "      <td>NaN</td>\n",
       "      <td>NaN</td>\n",
       "      <td>NaN</td>\n",
       "    </tr>\n",
       "    <tr>\n",
       "      <th>JMOM</th>\n",
       "      <td>NaN</td>\n",
       "      <td>NaN</td>\n",
       "      <td>NaN</td>\n",
       "      <td>NaN</td>\n",
       "      <td>NaN</td>\n",
       "      <td>NaN</td>\n",
       "      <td>NaN</td>\n",
       "      <td>NaN</td>\n",
       "      <td>NaN</td>\n",
       "      <td>NaN</td>\n",
       "    </tr>\n",
       "    <tr>\n",
       "      <th>SPMO</th>\n",
       "      <td>NaN</td>\n",
       "      <td>NaN</td>\n",
       "      <td>NaN</td>\n",
       "      <td>NaN</td>\n",
       "      <td>NaN</td>\n",
       "      <td>NaN</td>\n",
       "      <td>NaN</td>\n",
       "      <td>NaN</td>\n",
       "      <td>NaN</td>\n",
       "      <td>NaN</td>\n",
       "    </tr>\n",
       "    <tr>\n",
       "      <th>QMOM</th>\n",
       "      <td>NaN</td>\n",
       "      <td>NaN</td>\n",
       "      <td>NaN</td>\n",
       "      <td>NaN</td>\n",
       "      <td>NaN</td>\n",
       "      <td>NaN</td>\n",
       "      <td>NaN</td>\n",
       "      <td>NaN</td>\n",
       "      <td>NaN</td>\n",
       "      <td>NaN</td>\n",
       "    </tr>\n",
       "    <tr>\n",
       "      <th>FDMO</th>\n",
       "      <td>NaN</td>\n",
       "      <td>NaN</td>\n",
       "      <td>NaN</td>\n",
       "      <td>NaN</td>\n",
       "      <td>NaN</td>\n",
       "      <td>NaN</td>\n",
       "      <td>NaN</td>\n",
       "      <td>NaN</td>\n",
       "      <td>NaN</td>\n",
       "      <td>NaN</td>\n",
       "    </tr>\n",
       "    <tr>\n",
       "      <th>MMTM</th>\n",
       "      <td>NaN</td>\n",
       "      <td>NaN</td>\n",
       "      <td>NaN</td>\n",
       "      <td>NaN</td>\n",
       "      <td>NaN</td>\n",
       "      <td>NaN</td>\n",
       "      <td>NaN</td>\n",
       "      <td>NaN</td>\n",
       "      <td>NaN</td>\n",
       "      <td>NaN</td>\n",
       "    </tr>\n",
       "  </tbody>\n",
       "</table>\n",
       "</div>"
      ],
      "text/plain": [
       "      CAPM                            FF4                         \n",
       "     alpha beta t_alpha t_beta nobs alpha beta t_alpha t_beta nobs\n",
       "MTUM   NaN  NaN     NaN    NaN  NaN   NaN  NaN     NaN    NaN  NaN\n",
       "PDP    NaN  NaN     NaN    NaN  NaN   NaN  NaN     NaN    NaN  NaN\n",
       "XMMO   NaN  NaN     NaN    NaN  NaN   NaN  NaN     NaN    NaN  NaN\n",
       "ONEO   NaN  NaN     NaN    NaN  NaN   NaN  NaN     NaN    NaN  NaN\n",
       "VFMO   NaN  NaN     NaN    NaN  NaN   NaN  NaN     NaN    NaN  NaN\n",
       "JMOM   NaN  NaN     NaN    NaN  NaN   NaN  NaN     NaN    NaN  NaN\n",
       "SPMO   NaN  NaN     NaN    NaN  NaN   NaN  NaN     NaN    NaN  NaN\n",
       "QMOM   NaN  NaN     NaN    NaN  NaN   NaN  NaN     NaN    NaN  NaN\n",
       "FDMO   NaN  NaN     NaN    NaN  NaN   NaN  NaN     NaN    NaN  NaN\n",
       "MMTM   NaN  NaN     NaN    NaN  NaN   NaN  NaN     NaN    NaN  NaN"
      ]
     },
     "execution_count": 27,
     "metadata": {},
     "output_type": "execute_result"
    }
   ],
   "source": [
    "stats = pd.DataFrame(dtype=float, columns=pd.MultiIndex.from_product([['CAPM','FF4'],['alpha','beta','t_alpha','t_beta','nobs']]), index=ticker_list)\n",
    "stats"
   ]
  },
  {
   "cell_type": "code",
   "execution_count": 28,
   "metadata": {},
   "outputs": [],
   "source": [
    "# Run the performance evaluations\n",
    "for tick in ticker_list:\n",
    "    # Market-model\n",
    "    mm = sm.OLS(df[tick]-df['RF'], sm.add_constant(df['Mkt-RF']),missing='drop').fit()\n",
    "    stats.loc[tick, ('CAPM','alpha')] = mm.params[0]\n",
    "    stats.loc[tick, ('CAPM','beta')]  = mm.params[1]\n",
    "    stats.loc[tick, ('CAPM','t_alpha')] = mm.tvalues[0]\n",
    "    stats.loc[tick, ('CAPM','t_beta')]  = mm.tvalues[1]\n",
    "    stats.loc[tick, ('CAPM','nobs')]  = mm.nobs\n",
    "\n",
    "    # Fama-French 4-factor model\n",
    "    ff4 = sm.OLS(df[tick]-df['RF'], sm.add_constant(df[['Mkt-RF','SMB','HML','Mom']]),missing='drop').fit()\n",
    "    stats.loc[tick, ('FF4','alpha')] = ff4.params[0]\n",
    "    stats.loc[tick, ('FF4','beta')]  = ff4.params[1]\n",
    "    stats.loc[tick, ('FF4','t_alpha')] = ff4.tvalues[0]\n",
    "    stats.loc[tick, ('FF4','t_beta')]  = ff4.tvalues[1]  \n",
    "    stats.loc[tick, ('FF4','nobs')]    = ff4.nobs \n"
   ]
  },
  {
   "cell_type": "code",
   "execution_count": 29,
   "metadata": {},
   "outputs": [
    {
     "data": {
      "text/html": [
       "<div>\n",
       "<style scoped>\n",
       "    .dataframe tbody tr th:only-of-type {\n",
       "        vertical-align: middle;\n",
       "    }\n",
       "\n",
       "    .dataframe tbody tr th {\n",
       "        vertical-align: top;\n",
       "    }\n",
       "\n",
       "    .dataframe thead tr th {\n",
       "        text-align: left;\n",
       "    }\n",
       "</style>\n",
       "<table border=\"1\" class=\"dataframe\">\n",
       "  <thead>\n",
       "    <tr>\n",
       "      <th></th>\n",
       "      <th colspan=\"5\" halign=\"left\">CAPM</th>\n",
       "      <th colspan=\"5\" halign=\"left\">FF4</th>\n",
       "    </tr>\n",
       "    <tr>\n",
       "      <th></th>\n",
       "      <th>alpha</th>\n",
       "      <th>beta</th>\n",
       "      <th>t_alpha</th>\n",
       "      <th>t_beta</th>\n",
       "      <th>nobs</th>\n",
       "      <th>alpha</th>\n",
       "      <th>beta</th>\n",
       "      <th>t_alpha</th>\n",
       "      <th>t_beta</th>\n",
       "      <th>nobs</th>\n",
       "    </tr>\n",
       "  </thead>\n",
       "  <tbody>\n",
       "    <tr>\n",
       "      <th>MTUM</th>\n",
       "      <td>0.001594</td>\n",
       "      <td>0.892024</td>\n",
       "      <td>0.909469</td>\n",
       "      <td>22.900051</td>\n",
       "      <td>113.0</td>\n",
       "      <td>-0.000345</td>\n",
       "      <td>1.000916</td>\n",
       "      <td>-0.287829</td>\n",
       "      <td>33.551646</td>\n",
       "      <td>113.0</td>\n",
       "    </tr>\n",
       "    <tr>\n",
       "      <th>PDP</th>\n",
       "      <td>-0.000862</td>\n",
       "      <td>1.013292</td>\n",
       "      <td>-0.575796</td>\n",
       "      <td>32.527490</td>\n",
       "      <td>186.0</td>\n",
       "      <td>-0.001964</td>\n",
       "      <td>1.085595</td>\n",
       "      <td>-1.591041</td>\n",
       "      <td>37.435900</td>\n",
       "      <td>186.0</td>\n",
       "    </tr>\n",
       "    <tr>\n",
       "      <th>XMMO</th>\n",
       "      <td>0.000969</td>\n",
       "      <td>1.035783</td>\n",
       "      <td>0.620356</td>\n",
       "      <td>30.364277</td>\n",
       "      <td>210.0</td>\n",
       "      <td>0.000314</td>\n",
       "      <td>1.052896</td>\n",
       "      <td>0.233389</td>\n",
       "      <td>31.637707</td>\n",
       "      <td>210.0</td>\n",
       "    </tr>\n",
       "    <tr>\n",
       "      <th>ONEO</th>\n",
       "      <td>-0.002518</td>\n",
       "      <td>1.024140</td>\n",
       "      <td>-1.656175</td>\n",
       "      <td>32.972446</td>\n",
       "      <td>81.0</td>\n",
       "      <td>-0.002255</td>\n",
       "      <td>1.004034</td>\n",
       "      <td>-1.840685</td>\n",
       "      <td>34.417390</td>\n",
       "      <td>81.0</td>\n",
       "    </tr>\n",
       "    <tr>\n",
       "      <th>VFMO</th>\n",
       "      <td>0.000768</td>\n",
       "      <td>1.000465</td>\n",
       "      <td>0.256869</td>\n",
       "      <td>18.694444</td>\n",
       "      <td>55.0</td>\n",
       "      <td>-0.000032</td>\n",
       "      <td>1.019577</td>\n",
       "      <td>-0.017472</td>\n",
       "      <td>26.019103</td>\n",
       "      <td>55.0</td>\n",
       "    </tr>\n",
       "    <tr>\n",
       "      <th>JMOM</th>\n",
       "      <td>0.000475</td>\n",
       "      <td>0.979312</td>\n",
       "      <td>0.264040</td>\n",
       "      <td>30.028904</td>\n",
       "      <td>58.0</td>\n",
       "      <td>-0.000745</td>\n",
       "      <td>1.042721</td>\n",
       "      <td>-0.600847</td>\n",
       "      <td>39.817334</td>\n",
       "      <td>58.0</td>\n",
       "    </tr>\n",
       "    <tr>\n",
       "      <th>SPMO</th>\n",
       "      <td>0.001943</td>\n",
       "      <td>0.855522</td>\n",
       "      <td>0.973252</td>\n",
       "      <td>20.741063</td>\n",
       "      <td>83.0</td>\n",
       "      <td>0.000568</td>\n",
       "      <td>0.980959</td>\n",
       "      <td>0.387942</td>\n",
       "      <td>27.816273</td>\n",
       "      <td>83.0</td>\n",
       "    </tr>\n",
       "    <tr>\n",
       "      <th>QMOM</th>\n",
       "      <td>-0.000448</td>\n",
       "      <td>1.092740</td>\n",
       "      <td>-0.102014</td>\n",
       "      <td>12.173835</td>\n",
       "      <td>81.0</td>\n",
       "      <td>-0.001600</td>\n",
       "      <td>1.185257</td>\n",
       "      <td>-0.461618</td>\n",
       "      <td>14.357937</td>\n",
       "      <td>81.0</td>\n",
       "    </tr>\n",
       "    <tr>\n",
       "      <th>FDMO</th>\n",
       "      <td>-0.000294</td>\n",
       "      <td>0.936847</td>\n",
       "      <td>-0.185096</td>\n",
       "      <td>29.835235</td>\n",
       "      <td>72.0</td>\n",
       "      <td>-0.001686</td>\n",
       "      <td>1.021410</td>\n",
       "      <td>-1.515210</td>\n",
       "      <td>40.191980</td>\n",
       "      <td>72.0</td>\n",
       "    </tr>\n",
       "    <tr>\n",
       "      <th>MMTM</th>\n",
       "      <td>0.000575</td>\n",
       "      <td>0.920682</td>\n",
       "      <td>0.547518</td>\n",
       "      <td>38.897387</td>\n",
       "      <td>119.0</td>\n",
       "      <td>-0.000269</td>\n",
       "      <td>0.980108</td>\n",
       "      <td>-0.287152</td>\n",
       "      <td>41.458763</td>\n",
       "      <td>119.0</td>\n",
       "    </tr>\n",
       "  </tbody>\n",
       "</table>\n",
       "</div>"
      ],
      "text/plain": [
       "          CAPM                                             FF4            \\\n",
       "         alpha      beta   t_alpha     t_beta   nobs     alpha      beta   \n",
       "MTUM  0.001594  0.892024  0.909469  22.900051  113.0 -0.000345  1.000916   \n",
       "PDP  -0.000862  1.013292 -0.575796  32.527490  186.0 -0.001964  1.085595   \n",
       "XMMO  0.000969  1.035783  0.620356  30.364277  210.0  0.000314  1.052896   \n",
       "ONEO -0.002518  1.024140 -1.656175  32.972446   81.0 -0.002255  1.004034   \n",
       "VFMO  0.000768  1.000465  0.256869  18.694444   55.0 -0.000032  1.019577   \n",
       "JMOM  0.000475  0.979312  0.264040  30.028904   58.0 -0.000745  1.042721   \n",
       "SPMO  0.001943  0.855522  0.973252  20.741063   83.0  0.000568  0.980959   \n",
       "QMOM -0.000448  1.092740 -0.102014  12.173835   81.0 -0.001600  1.185257   \n",
       "FDMO -0.000294  0.936847 -0.185096  29.835235   72.0 -0.001686  1.021410   \n",
       "MMTM  0.000575  0.920682  0.547518  38.897387  119.0 -0.000269  0.980108   \n",
       "\n",
       "                                  \n",
       "       t_alpha     t_beta   nobs  \n",
       "MTUM -0.287829  33.551646  113.0  \n",
       "PDP  -1.591041  37.435900  186.0  \n",
       "XMMO  0.233389  31.637707  210.0  \n",
       "ONEO -1.840685  34.417390   81.0  \n",
       "VFMO -0.017472  26.019103   55.0  \n",
       "JMOM -0.600847  39.817334   58.0  \n",
       "SPMO  0.387942  27.816273   83.0  \n",
       "QMOM -0.461618  14.357937   81.0  \n",
       "FDMO -1.515210  40.191980   72.0  \n",
       "MMTM -0.287152  41.458763  119.0  "
      ]
     },
     "execution_count": 29,
     "metadata": {},
     "output_type": "execute_result"
    }
   ],
   "source": [
    "stats"
   ]
  },
  {
   "cell_type": "code",
   "execution_count": 32,
   "metadata": {},
   "outputs": [
    {
     "data": {
      "text/html": [
       "<div>\n",
       "<style scoped>\n",
       "    .dataframe tbody tr th:only-of-type {\n",
       "        vertical-align: middle;\n",
       "    }\n",
       "\n",
       "    .dataframe tbody tr th {\n",
       "        vertical-align: top;\n",
       "    }\n",
       "\n",
       "    .dataframe thead tr th {\n",
       "        text-align: left;\n",
       "    }\n",
       "</style>\n",
       "<table border=\"1\" class=\"dataframe\">\n",
       "  <thead>\n",
       "    <tr>\n",
       "      <th></th>\n",
       "      <th colspan=\"5\" halign=\"left\">CAPM</th>\n",
       "      <th colspan=\"5\" halign=\"left\">FF4</th>\n",
       "    </tr>\n",
       "    <tr>\n",
       "      <th></th>\n",
       "      <th>alpha</th>\n",
       "      <th>beta</th>\n",
       "      <th>t_alpha</th>\n",
       "      <th>t_beta</th>\n",
       "      <th>nobs</th>\n",
       "      <th>alpha</th>\n",
       "      <th>beta</th>\n",
       "      <th>t_alpha</th>\n",
       "      <th>t_beta</th>\n",
       "      <th>nobs</th>\n",
       "    </tr>\n",
       "  </thead>\n",
       "  <tbody>\n",
       "    <tr>\n",
       "      <th>SPMO</th>\n",
       "      <td>0.001943</td>\n",
       "      <td>0.855522</td>\n",
       "      <td>0.973252</td>\n",
       "      <td>20.741063</td>\n",
       "      <td>83.0</td>\n",
       "      <td>0.000568</td>\n",
       "      <td>0.980959</td>\n",
       "      <td>0.387942</td>\n",
       "      <td>27.816273</td>\n",
       "      <td>83.0</td>\n",
       "    </tr>\n",
       "    <tr>\n",
       "      <th>MTUM</th>\n",
       "      <td>0.001594</td>\n",
       "      <td>0.892024</td>\n",
       "      <td>0.909469</td>\n",
       "      <td>22.900051</td>\n",
       "      <td>113.0</td>\n",
       "      <td>-0.000345</td>\n",
       "      <td>1.000916</td>\n",
       "      <td>-0.287829</td>\n",
       "      <td>33.551646</td>\n",
       "      <td>113.0</td>\n",
       "    </tr>\n",
       "    <tr>\n",
       "      <th>XMMO</th>\n",
       "      <td>0.000969</td>\n",
       "      <td>1.035783</td>\n",
       "      <td>0.620356</td>\n",
       "      <td>30.364277</td>\n",
       "      <td>210.0</td>\n",
       "      <td>0.000314</td>\n",
       "      <td>1.052896</td>\n",
       "      <td>0.233389</td>\n",
       "      <td>31.637707</td>\n",
       "      <td>210.0</td>\n",
       "    </tr>\n",
       "    <tr>\n",
       "      <th>MMTM</th>\n",
       "      <td>0.000575</td>\n",
       "      <td>0.920682</td>\n",
       "      <td>0.547518</td>\n",
       "      <td>38.897387</td>\n",
       "      <td>119.0</td>\n",
       "      <td>-0.000269</td>\n",
       "      <td>0.980108</td>\n",
       "      <td>-0.287152</td>\n",
       "      <td>41.458763</td>\n",
       "      <td>119.0</td>\n",
       "    </tr>\n",
       "    <tr>\n",
       "      <th>JMOM</th>\n",
       "      <td>0.000475</td>\n",
       "      <td>0.979312</td>\n",
       "      <td>0.264040</td>\n",
       "      <td>30.028904</td>\n",
       "      <td>58.0</td>\n",
       "      <td>-0.000745</td>\n",
       "      <td>1.042721</td>\n",
       "      <td>-0.600847</td>\n",
       "      <td>39.817334</td>\n",
       "      <td>58.0</td>\n",
       "    </tr>\n",
       "    <tr>\n",
       "      <th>VFMO</th>\n",
       "      <td>0.000768</td>\n",
       "      <td>1.000465</td>\n",
       "      <td>0.256869</td>\n",
       "      <td>18.694444</td>\n",
       "      <td>55.0</td>\n",
       "      <td>-0.000032</td>\n",
       "      <td>1.019577</td>\n",
       "      <td>-0.017472</td>\n",
       "      <td>26.019103</td>\n",
       "      <td>55.0</td>\n",
       "    </tr>\n",
       "    <tr>\n",
       "      <th>QMOM</th>\n",
       "      <td>-0.000448</td>\n",
       "      <td>1.092740</td>\n",
       "      <td>-0.102014</td>\n",
       "      <td>12.173835</td>\n",
       "      <td>81.0</td>\n",
       "      <td>-0.001600</td>\n",
       "      <td>1.185257</td>\n",
       "      <td>-0.461618</td>\n",
       "      <td>14.357937</td>\n",
       "      <td>81.0</td>\n",
       "    </tr>\n",
       "    <tr>\n",
       "      <th>FDMO</th>\n",
       "      <td>-0.000294</td>\n",
       "      <td>0.936847</td>\n",
       "      <td>-0.185096</td>\n",
       "      <td>29.835235</td>\n",
       "      <td>72.0</td>\n",
       "      <td>-0.001686</td>\n",
       "      <td>1.021410</td>\n",
       "      <td>-1.515210</td>\n",
       "      <td>40.191980</td>\n",
       "      <td>72.0</td>\n",
       "    </tr>\n",
       "    <tr>\n",
       "      <th>PDP</th>\n",
       "      <td>-0.000862</td>\n",
       "      <td>1.013292</td>\n",
       "      <td>-0.575796</td>\n",
       "      <td>32.527490</td>\n",
       "      <td>186.0</td>\n",
       "      <td>-0.001964</td>\n",
       "      <td>1.085595</td>\n",
       "      <td>-1.591041</td>\n",
       "      <td>37.435900</td>\n",
       "      <td>186.0</td>\n",
       "    </tr>\n",
       "    <tr>\n",
       "      <th>ONEO</th>\n",
       "      <td>-0.002518</td>\n",
       "      <td>1.024140</td>\n",
       "      <td>-1.656175</td>\n",
       "      <td>32.972446</td>\n",
       "      <td>81.0</td>\n",
       "      <td>-0.002255</td>\n",
       "      <td>1.004034</td>\n",
       "      <td>-1.840685</td>\n",
       "      <td>34.417390</td>\n",
       "      <td>81.0</td>\n",
       "    </tr>\n",
       "  </tbody>\n",
       "</table>\n",
       "</div>"
      ],
      "text/plain": [
       "          CAPM                                             FF4            \\\n",
       "         alpha      beta   t_alpha     t_beta   nobs     alpha      beta   \n",
       "SPMO  0.001943  0.855522  0.973252  20.741063   83.0  0.000568  0.980959   \n",
       "MTUM  0.001594  0.892024  0.909469  22.900051  113.0 -0.000345  1.000916   \n",
       "XMMO  0.000969  1.035783  0.620356  30.364277  210.0  0.000314  1.052896   \n",
       "MMTM  0.000575  0.920682  0.547518  38.897387  119.0 -0.000269  0.980108   \n",
       "JMOM  0.000475  0.979312  0.264040  30.028904   58.0 -0.000745  1.042721   \n",
       "VFMO  0.000768  1.000465  0.256869  18.694444   55.0 -0.000032  1.019577   \n",
       "QMOM -0.000448  1.092740 -0.102014  12.173835   81.0 -0.001600  1.185257   \n",
       "FDMO -0.000294  0.936847 -0.185096  29.835235   72.0 -0.001686  1.021410   \n",
       "PDP  -0.000862  1.013292 -0.575796  32.527490  186.0 -0.001964  1.085595   \n",
       "ONEO -0.002518  1.024140 -1.656175  32.972446   81.0 -0.002255  1.004034   \n",
       "\n",
       "                                  \n",
       "       t_alpha     t_beta   nobs  \n",
       "SPMO  0.387942  27.816273   83.0  \n",
       "MTUM -0.287829  33.551646  113.0  \n",
       "XMMO  0.233389  31.637707  210.0  \n",
       "MMTM -0.287152  41.458763  119.0  \n",
       "JMOM -0.600847  39.817334   58.0  \n",
       "VFMO -0.017472  26.019103   55.0  \n",
       "QMOM -0.461618  14.357937   81.0  \n",
       "FDMO -1.515210  40.191980   72.0  \n",
       "PDP  -1.591041  37.435900  186.0  \n",
       "ONEO -1.840685  34.417390   81.0  "
      ]
     },
     "execution_count": 32,
     "metadata": {},
     "output_type": "execute_result"
    }
   ],
   "source": [
    "# Sort to find the highest historical alpha\n",
    "stats.sort_values(by=[('CAPM','t_alpha')], ascending=False)"
   ]
  },
  {
   "cell_type": "code",
   "execution_count": 36,
   "metadata": {},
   "outputs": [
    {
     "name": "stdout",
     "output_type": "stream",
     "text": [
      " 2.33%\n"
     ]
    }
   ],
   "source": [
    "alpha = stats.loc['SPMO',('CAPM','alpha')]*12\n",
    "print(f'{alpha: .2%}')"
   ]
  },
  {
   "cell_type": "code",
   "execution_count": 37,
   "metadata": {},
   "outputs": [
    {
     "name": "stdout",
     "output_type": "stream",
     "text": [
      "                            OLS Regression Results                            \n",
      "==============================================================================\n",
      "Dep. Variable:                      y   R-squared:                       0.919\n",
      "Model:                            OLS   Adj. R-squared:                  0.915\n",
      "Method:                 Least Squares   F-statistic:                     222.0\n",
      "Date:                Thu, 27 Oct 2022   Prob (F-statistic):           8.82e-42\n",
      "Time:                        16:16:47   Log-Likelihood:                 245.06\n",
      "No. Observations:                  83   AIC:                            -480.1\n",
      "Df Residuals:                      78   BIC:                            -468.0\n",
      "Df Model:                           4                                         \n",
      "Covariance Type:            nonrobust                                         \n",
      "==============================================================================\n",
      "                 coef    std err          t      P>|t|      [0.025      0.975]\n",
      "------------------------------------------------------------------------------\n",
      "const          0.0006      0.001      0.388      0.699      -0.002       0.003\n",
      "Mkt-RF         0.9810      0.035     27.816      0.000       0.911       1.051\n",
      "SMB           -0.1247      0.059     -2.130      0.036      -0.241      -0.008\n",
      "HML           -0.0954      0.041     -2.326      0.023      -0.177      -0.014\n",
      "Mom            0.2773      0.050      5.589      0.000       0.179       0.376\n",
      "==============================================================================\n",
      "Omnibus:                        5.625   Durbin-Watson:                   2.392\n",
      "Prob(Omnibus):                  0.060   Jarque-Bera (JB):                5.495\n",
      "Skew:                           0.399   Prob(JB):                       0.0641\n",
      "Kurtosis:                       3.976   Cond. No.                         44.0\n",
      "==============================================================================\n",
      "\n",
      "Notes:\n",
      "[1] Standard Errors assume that the covariance matrix of the errors is correctly specified.\n"
     ]
    }
   ],
   "source": [
    "ff4 = sm.OLS(df['SPMO']-df['RF'], sm.add_constant(df[['Mkt-RF','SMB','HML','Mom']]),missing='drop').fit()\n",
    "print(ff4.summary())"
   ]
  }
 ],
 "metadata": {
  "kernelspec": {
   "display_name": "Python 3.10.6 ('venv': venv)",
   "language": "python",
   "name": "python3"
  },
  "language_info": {
   "codemirror_mode": {
    "name": "ipython",
    "version": 3
   },
   "file_extension": ".py",
   "mimetype": "text/x-python",
   "name": "python",
   "nbconvert_exporter": "python",
   "pygments_lexer": "ipython3",
   "version": "3.10.6"
  },
  "orig_nbformat": 4,
  "vscode": {
   "interpreter": {
    "hash": "cc788b38d8cb434c82f45ef9d481d0310e17b79321e4c8cbfbfe90f656a3f023"
   }
  }
 },
 "nbformat": 4,
 "nbformat_minor": 2
}
