{
 "cells": [
  {
   "cell_type": "markdown",
   "metadata": {},
   "source": [
    "# Momentum ETF Performance"
   ]
  },
  {
   "cell_type": "code",
   "execution_count": 1,
   "metadata": {},
   "outputs": [],
   "source": [
    "import pandas as pd\n",
    "import numpy as np\n",
    "from pandas_datareader import DataReader as pdr\n",
    "import yfinance as yf\n",
    "import plotly.graph_objects as go\n",
    "import statsmodels.api as sm\n",
    "pd.options.display.float_format = '{:.4f}'.format\n",
    "\n",
    "import warnings\n",
    "warnings.simplefilter(action='ignore', category=FutureWarning)"
   ]
  },
  {
   "cell_type": "code",
   "execution_count": 2,
   "metadata": {},
   "outputs": [],
   "source": [
    "# Function to pull returns\n",
    "def returns(tickers):\n",
    "    ret = yf.download(tickers, start='2000-01-01', end='2024-12-31', progress=False)\n",
    "    ret = ret[\"Close\"].resample(\"ME\").last()\n",
    "    ret = ret.pct_change()\n",
    "    ret.columns = tickers\n",
    "    ret.index = ret.index.to_period('M')\n",
    "    return ret"
   ]
  },
  {
   "cell_type": "code",
   "execution_count": 3,
   "metadata": {},
   "outputs": [
    {
     "name": "stdout",
     "output_type": "stream",
     "text": [
      "YF.download() has changed argument auto_adjust default to True\n"
     ]
    },
    {
     "data": {
      "text/html": [
       "<div>\n",
       "<style scoped>\n",
       "    .dataframe tbody tr th:only-of-type {\n",
       "        vertical-align: middle;\n",
       "    }\n",
       "\n",
       "    .dataframe tbody tr th {\n",
       "        vertical-align: top;\n",
       "    }\n",
       "\n",
       "    .dataframe thead th {\n",
       "        text-align: right;\n",
       "    }\n",
       "</style>\n",
       "<table border=\"1\" class=\"dataframe\">\n",
       "  <thead>\n",
       "    <tr style=\"text-align: right;\">\n",
       "      <th></th>\n",
       "      <th>MTUM</th>\n",
       "      <th>PDP</th>\n",
       "      <th>XMMO</th>\n",
       "      <th>ONEO</th>\n",
       "      <th>VFMO</th>\n",
       "      <th>JMOM</th>\n",
       "      <th>SPMO</th>\n",
       "      <th>QMOM</th>\n",
       "      <th>FDMO</th>\n",
       "      <th>MMTM</th>\n",
       "    </tr>\n",
       "    <tr>\n",
       "      <th>Date</th>\n",
       "      <th></th>\n",
       "      <th></th>\n",
       "      <th></th>\n",
       "      <th></th>\n",
       "      <th></th>\n",
       "      <th></th>\n",
       "      <th></th>\n",
       "      <th></th>\n",
       "      <th></th>\n",
       "      <th></th>\n",
       "    </tr>\n",
       "  </thead>\n",
       "  <tbody>\n",
       "    <tr>\n",
       "      <th>2005-03</th>\n",
       "      <td>NaN</td>\n",
       "      <td>NaN</td>\n",
       "      <td>NaN</td>\n",
       "      <td>NaN</td>\n",
       "      <td>NaN</td>\n",
       "      <td>NaN</td>\n",
       "      <td>NaN</td>\n",
       "      <td>NaN</td>\n",
       "      <td>NaN</td>\n",
       "      <td>NaN</td>\n",
       "    </tr>\n",
       "    <tr>\n",
       "      <th>2005-04</th>\n",
       "      <td>NaN</td>\n",
       "      <td>NaN</td>\n",
       "      <td>NaN</td>\n",
       "      <td>NaN</td>\n",
       "      <td>NaN</td>\n",
       "      <td>NaN</td>\n",
       "      <td>NaN</td>\n",
       "      <td>NaN</td>\n",
       "      <td>NaN</td>\n",
       "      <td>-0.0368</td>\n",
       "    </tr>\n",
       "    <tr>\n",
       "      <th>2005-05</th>\n",
       "      <td>NaN</td>\n",
       "      <td>NaN</td>\n",
       "      <td>NaN</td>\n",
       "      <td>NaN</td>\n",
       "      <td>NaN</td>\n",
       "      <td>NaN</td>\n",
       "      <td>NaN</td>\n",
       "      <td>NaN</td>\n",
       "      <td>NaN</td>\n",
       "      <td>0.0678</td>\n",
       "    </tr>\n",
       "    <tr>\n",
       "      <th>2005-06</th>\n",
       "      <td>NaN</td>\n",
       "      <td>NaN</td>\n",
       "      <td>NaN</td>\n",
       "      <td>NaN</td>\n",
       "      <td>NaN</td>\n",
       "      <td>NaN</td>\n",
       "      <td>NaN</td>\n",
       "      <td>NaN</td>\n",
       "      <td>NaN</td>\n",
       "      <td>0.0432</td>\n",
       "    </tr>\n",
       "    <tr>\n",
       "      <th>2005-07</th>\n",
       "      <td>NaN</td>\n",
       "      <td>NaN</td>\n",
       "      <td>NaN</td>\n",
       "      <td>NaN</td>\n",
       "      <td>NaN</td>\n",
       "      <td>NaN</td>\n",
       "      <td>NaN</td>\n",
       "      <td>NaN</td>\n",
       "      <td>NaN</td>\n",
       "      <td>0.0343</td>\n",
       "    </tr>\n",
       "    <tr>\n",
       "      <th>...</th>\n",
       "      <td>...</td>\n",
       "      <td>...</td>\n",
       "      <td>...</td>\n",
       "      <td>...</td>\n",
       "      <td>...</td>\n",
       "      <td>...</td>\n",
       "      <td>...</td>\n",
       "      <td>...</td>\n",
       "      <td>...</td>\n",
       "      <td>...</td>\n",
       "    </tr>\n",
       "    <tr>\n",
       "      <th>2024-08</th>\n",
       "      <td>0.0254</td>\n",
       "      <td>0.0288</td>\n",
       "      <td>0.0239</td>\n",
       "      <td>0.0335</td>\n",
       "      <td>0.0145</td>\n",
       "      <td>0.0258</td>\n",
       "      <td>0.0293</td>\n",
       "      <td>0.0378</td>\n",
       "      <td>0.0150</td>\n",
       "      <td>-0.0116</td>\n",
       "    </tr>\n",
       "    <tr>\n",
       "      <th>2024-09</th>\n",
       "      <td>0.0244</td>\n",
       "      <td>0.0269</td>\n",
       "      <td>0.0207</td>\n",
       "      <td>0.0295</td>\n",
       "      <td>0.0204</td>\n",
       "      <td>0.0216</td>\n",
       "      <td>0.0382</td>\n",
       "      <td>0.0163</td>\n",
       "      <td>0.0183</td>\n",
       "      <td>0.0176</td>\n",
       "    </tr>\n",
       "    <tr>\n",
       "      <th>2024-10</th>\n",
       "      <td>0.0009</td>\n",
       "      <td>-0.0007</td>\n",
       "      <td>-0.0001</td>\n",
       "      <td>-0.0017</td>\n",
       "      <td>-0.0075</td>\n",
       "      <td>0.0033</td>\n",
       "      <td>-0.0065</td>\n",
       "      <td>0.0020</td>\n",
       "      <td>0.0060</td>\n",
       "      <td>0.0079</td>\n",
       "    </tr>\n",
       "    <tr>\n",
       "      <th>2024-11</th>\n",
       "      <td>0.0881</td>\n",
       "      <td>0.0757</td>\n",
       "      <td>0.0616</td>\n",
       "      <td>0.0697</td>\n",
       "      <td>0.0861</td>\n",
       "      <td>0.1268</td>\n",
       "      <td>0.1216</td>\n",
       "      <td>0.0662</td>\n",
       "      <td>0.1002</td>\n",
       "      <td>0.1158</td>\n",
       "    </tr>\n",
       "    <tr>\n",
       "      <th>2024-12</th>\n",
       "      <td>-0.0217</td>\n",
       "      <td>-0.0441</td>\n",
       "      <td>-0.0160</td>\n",
       "      <td>-0.0365</td>\n",
       "      <td>-0.0697</td>\n",
       "      <td>-0.0707</td>\n",
       "      <td>-0.0888</td>\n",
       "      <td>-0.0117</td>\n",
       "      <td>-0.0712</td>\n",
       "      <td>-0.0844</td>\n",
       "    </tr>\n",
       "  </tbody>\n",
       "</table>\n",
       "<p>238 rows × 10 columns</p>\n",
       "</div>"
      ],
      "text/plain": [
       "           MTUM     PDP    XMMO    ONEO    VFMO    JMOM    SPMO    QMOM  \\\n",
       "Date                                                                      \n",
       "2005-03     NaN     NaN     NaN     NaN     NaN     NaN     NaN     NaN   \n",
       "2005-04     NaN     NaN     NaN     NaN     NaN     NaN     NaN     NaN   \n",
       "2005-05     NaN     NaN     NaN     NaN     NaN     NaN     NaN     NaN   \n",
       "2005-06     NaN     NaN     NaN     NaN     NaN     NaN     NaN     NaN   \n",
       "2005-07     NaN     NaN     NaN     NaN     NaN     NaN     NaN     NaN   \n",
       "...         ...     ...     ...     ...     ...     ...     ...     ...   \n",
       "2024-08  0.0254  0.0288  0.0239  0.0335  0.0145  0.0258  0.0293  0.0378   \n",
       "2024-09  0.0244  0.0269  0.0207  0.0295  0.0204  0.0216  0.0382  0.0163   \n",
       "2024-10  0.0009 -0.0007 -0.0001 -0.0017 -0.0075  0.0033 -0.0065  0.0020   \n",
       "2024-11  0.0881  0.0757  0.0616  0.0697  0.0861  0.1268  0.1216  0.0662   \n",
       "2024-12 -0.0217 -0.0441 -0.0160 -0.0365 -0.0697 -0.0707 -0.0888 -0.0117   \n",
       "\n",
       "           FDMO    MMTM  \n",
       "Date                     \n",
       "2005-03     NaN     NaN  \n",
       "2005-04     NaN -0.0368  \n",
       "2005-05     NaN  0.0678  \n",
       "2005-06     NaN  0.0432  \n",
       "2005-07     NaN  0.0343  \n",
       "...         ...     ...  \n",
       "2024-08  0.0150 -0.0116  \n",
       "2024-09  0.0183  0.0176  \n",
       "2024-10  0.0060  0.0079  \n",
       "2024-11  0.1002  0.1158  \n",
       "2024-12 -0.0712 -0.0844  \n",
       "\n",
       "[238 rows x 10 columns]"
      ]
     },
     "execution_count": 3,
     "metadata": {},
     "output_type": "execute_result"
    }
   ],
   "source": [
    "# Pull data\n",
    "ticker_list = ['MTUM','PDP','XMMO','ONEO','VFMO','JMOM','SPMO','QMOM','FDMO','MMTM']\n",
    "\n",
    "# Pull the data from Yahoo\n",
    "df = returns(ticker_list)\n",
    "df"
   ]
  },
  {
   "cell_type": "code",
   "execution_count": 4,
   "metadata": {},
   "outputs": [],
   "source": [
    "# Add factors\n",
    "ff3 = pdr('F-F_Research_Data_Factors','famafrench', start=1900)[0]/100\n",
    "Mom = pdr('F-F_Momentum_Factor','famafrench', start=1900)[0]/100\n",
    "Mom.columns = ['Mom']\n",
    "ff = ff3.join(Mom)\n",
    "df = df.join(ff)"
   ]
  },
  {
   "attachments": {},
   "cell_type": "markdown",
   "metadata": {},
   "source": [
    "## Run market model and Fama-French-Carhart performance models"
   ]
  },
  {
   "cell_type": "code",
   "execution_count": 5,
   "metadata": {},
   "outputs": [
    {
     "data": {
      "text/html": [
       "<div>\n",
       "<style scoped>\n",
       "    .dataframe tbody tr th:only-of-type {\n",
       "        vertical-align: middle;\n",
       "    }\n",
       "\n",
       "    .dataframe tbody tr th {\n",
       "        vertical-align: top;\n",
       "    }\n",
       "\n",
       "    .dataframe thead tr th {\n",
       "        text-align: left;\n",
       "    }\n",
       "</style>\n",
       "<table border=\"1\" class=\"dataframe\">\n",
       "  <thead>\n",
       "    <tr>\n",
       "      <th></th>\n",
       "      <th colspan=\"5\" halign=\"left\">CAPM</th>\n",
       "      <th colspan=\"5\" halign=\"left\">FF4</th>\n",
       "    </tr>\n",
       "    <tr>\n",
       "      <th></th>\n",
       "      <th>alpha</th>\n",
       "      <th>beta</th>\n",
       "      <th>t_alpha</th>\n",
       "      <th>t_beta</th>\n",
       "      <th>nobs</th>\n",
       "      <th>alpha</th>\n",
       "      <th>beta</th>\n",
       "      <th>t_alpha</th>\n",
       "      <th>t_beta</th>\n",
       "      <th>nobs</th>\n",
       "    </tr>\n",
       "  </thead>\n",
       "  <tbody>\n",
       "    <tr>\n",
       "      <th>MTUM</th>\n",
       "      <td>NaN</td>\n",
       "      <td>NaN</td>\n",
       "      <td>NaN</td>\n",
       "      <td>NaN</td>\n",
       "      <td>NaN</td>\n",
       "      <td>NaN</td>\n",
       "      <td>NaN</td>\n",
       "      <td>NaN</td>\n",
       "      <td>NaN</td>\n",
       "      <td>NaN</td>\n",
       "    </tr>\n",
       "    <tr>\n",
       "      <th>PDP</th>\n",
       "      <td>NaN</td>\n",
       "      <td>NaN</td>\n",
       "      <td>NaN</td>\n",
       "      <td>NaN</td>\n",
       "      <td>NaN</td>\n",
       "      <td>NaN</td>\n",
       "      <td>NaN</td>\n",
       "      <td>NaN</td>\n",
       "      <td>NaN</td>\n",
       "      <td>NaN</td>\n",
       "    </tr>\n",
       "    <tr>\n",
       "      <th>XMMO</th>\n",
       "      <td>NaN</td>\n",
       "      <td>NaN</td>\n",
       "      <td>NaN</td>\n",
       "      <td>NaN</td>\n",
       "      <td>NaN</td>\n",
       "      <td>NaN</td>\n",
       "      <td>NaN</td>\n",
       "      <td>NaN</td>\n",
       "      <td>NaN</td>\n",
       "      <td>NaN</td>\n",
       "    </tr>\n",
       "    <tr>\n",
       "      <th>ONEO</th>\n",
       "      <td>NaN</td>\n",
       "      <td>NaN</td>\n",
       "      <td>NaN</td>\n",
       "      <td>NaN</td>\n",
       "      <td>NaN</td>\n",
       "      <td>NaN</td>\n",
       "      <td>NaN</td>\n",
       "      <td>NaN</td>\n",
       "      <td>NaN</td>\n",
       "      <td>NaN</td>\n",
       "    </tr>\n",
       "    <tr>\n",
       "      <th>VFMO</th>\n",
       "      <td>NaN</td>\n",
       "      <td>NaN</td>\n",
       "      <td>NaN</td>\n",
       "      <td>NaN</td>\n",
       "      <td>NaN</td>\n",
       "      <td>NaN</td>\n",
       "      <td>NaN</td>\n",
       "      <td>NaN</td>\n",
       "      <td>NaN</td>\n",
       "      <td>NaN</td>\n",
       "    </tr>\n",
       "    <tr>\n",
       "      <th>JMOM</th>\n",
       "      <td>NaN</td>\n",
       "      <td>NaN</td>\n",
       "      <td>NaN</td>\n",
       "      <td>NaN</td>\n",
       "      <td>NaN</td>\n",
       "      <td>NaN</td>\n",
       "      <td>NaN</td>\n",
       "      <td>NaN</td>\n",
       "      <td>NaN</td>\n",
       "      <td>NaN</td>\n",
       "    </tr>\n",
       "    <tr>\n",
       "      <th>SPMO</th>\n",
       "      <td>NaN</td>\n",
       "      <td>NaN</td>\n",
       "      <td>NaN</td>\n",
       "      <td>NaN</td>\n",
       "      <td>NaN</td>\n",
       "      <td>NaN</td>\n",
       "      <td>NaN</td>\n",
       "      <td>NaN</td>\n",
       "      <td>NaN</td>\n",
       "      <td>NaN</td>\n",
       "    </tr>\n",
       "    <tr>\n",
       "      <th>QMOM</th>\n",
       "      <td>NaN</td>\n",
       "      <td>NaN</td>\n",
       "      <td>NaN</td>\n",
       "      <td>NaN</td>\n",
       "      <td>NaN</td>\n",
       "      <td>NaN</td>\n",
       "      <td>NaN</td>\n",
       "      <td>NaN</td>\n",
       "      <td>NaN</td>\n",
       "      <td>NaN</td>\n",
       "    </tr>\n",
       "    <tr>\n",
       "      <th>FDMO</th>\n",
       "      <td>NaN</td>\n",
       "      <td>NaN</td>\n",
       "      <td>NaN</td>\n",
       "      <td>NaN</td>\n",
       "      <td>NaN</td>\n",
       "      <td>NaN</td>\n",
       "      <td>NaN</td>\n",
       "      <td>NaN</td>\n",
       "      <td>NaN</td>\n",
       "      <td>NaN</td>\n",
       "    </tr>\n",
       "    <tr>\n",
       "      <th>MMTM</th>\n",
       "      <td>NaN</td>\n",
       "      <td>NaN</td>\n",
       "      <td>NaN</td>\n",
       "      <td>NaN</td>\n",
       "      <td>NaN</td>\n",
       "      <td>NaN</td>\n",
       "      <td>NaN</td>\n",
       "      <td>NaN</td>\n",
       "      <td>NaN</td>\n",
       "      <td>NaN</td>\n",
       "    </tr>\n",
       "  </tbody>\n",
       "</table>\n",
       "</div>"
      ],
      "text/plain": [
       "      CAPM                            FF4                         \n",
       "     alpha beta t_alpha t_beta nobs alpha beta t_alpha t_beta nobs\n",
       "MTUM   NaN  NaN     NaN    NaN  NaN   NaN  NaN     NaN    NaN  NaN\n",
       "PDP    NaN  NaN     NaN    NaN  NaN   NaN  NaN     NaN    NaN  NaN\n",
       "XMMO   NaN  NaN     NaN    NaN  NaN   NaN  NaN     NaN    NaN  NaN\n",
       "ONEO   NaN  NaN     NaN    NaN  NaN   NaN  NaN     NaN    NaN  NaN\n",
       "VFMO   NaN  NaN     NaN    NaN  NaN   NaN  NaN     NaN    NaN  NaN\n",
       "JMOM   NaN  NaN     NaN    NaN  NaN   NaN  NaN     NaN    NaN  NaN\n",
       "SPMO   NaN  NaN     NaN    NaN  NaN   NaN  NaN     NaN    NaN  NaN\n",
       "QMOM   NaN  NaN     NaN    NaN  NaN   NaN  NaN     NaN    NaN  NaN\n",
       "FDMO   NaN  NaN     NaN    NaN  NaN   NaN  NaN     NaN    NaN  NaN\n",
       "MMTM   NaN  NaN     NaN    NaN  NaN   NaN  NaN     NaN    NaN  NaN"
      ]
     },
     "execution_count": 5,
     "metadata": {},
     "output_type": "execute_result"
    }
   ],
   "source": [
    "stats = pd.DataFrame(dtype=float, columns=pd.MultiIndex.from_product([['CAPM','FF4'],['alpha','beta','t_alpha','t_beta','nobs']]), index=ticker_list)\n",
    "stats"
   ]
  },
  {
   "cell_type": "code",
   "execution_count": 6,
   "metadata": {},
   "outputs": [
    {
     "data": {
      "text/html": [
       "<div>\n",
       "<style scoped>\n",
       "    .dataframe tbody tr th:only-of-type {\n",
       "        vertical-align: middle;\n",
       "    }\n",
       "\n",
       "    .dataframe tbody tr th {\n",
       "        vertical-align: top;\n",
       "    }\n",
       "\n",
       "    .dataframe thead tr th {\n",
       "        text-align: left;\n",
       "    }\n",
       "</style>\n",
       "<table border=\"1\" class=\"dataframe\">\n",
       "  <thead>\n",
       "    <tr>\n",
       "      <th></th>\n",
       "      <th colspan=\"5\" halign=\"left\">CAPM</th>\n",
       "      <th colspan=\"8\" halign=\"left\">FF4</th>\n",
       "    </tr>\n",
       "    <tr>\n",
       "      <th></th>\n",
       "      <th>alpha</th>\n",
       "      <th>beta</th>\n",
       "      <th>t_alpha</th>\n",
       "      <th>t_beta</th>\n",
       "      <th>nobs</th>\n",
       "      <th>alpha</th>\n",
       "      <th>beta</th>\n",
       "      <th>t_alpha</th>\n",
       "      <th>t_beta</th>\n",
       "      <th>nobs</th>\n",
       "      <th>coeff_smb</th>\n",
       "      <th>coeff_hml</th>\n",
       "      <th>coeff_mom</th>\n",
       "    </tr>\n",
       "  </thead>\n",
       "  <tbody>\n",
       "    <tr>\n",
       "      <th>MTUM</th>\n",
       "      <td>0.0003</td>\n",
       "      <td>0.9457</td>\n",
       "      <td>0.2385</td>\n",
       "      <td>33.1512</td>\n",
       "      <td>99.0000</td>\n",
       "      <td>-0.0012</td>\n",
       "      <td>1.0346</td>\n",
       "      <td>-1.3099</td>\n",
       "      <td>49.0751</td>\n",
       "      <td>99.0000</td>\n",
       "      <td>-0.0145</td>\n",
       "      <td>-0.0784</td>\n",
       "      <td>0.2454</td>\n",
       "    </tr>\n",
       "    <tr>\n",
       "      <th>PDP</th>\n",
       "      <td>0.0006</td>\n",
       "      <td>0.9846</td>\n",
       "      <td>0.4241</td>\n",
       "      <td>37.0406</td>\n",
       "      <td>85.0000</td>\n",
       "      <td>-0.0005</td>\n",
       "      <td>1.0456</td>\n",
       "      <td>-0.5439</td>\n",
       "      <td>49.3663</td>\n",
       "      <td>85.0000</td>\n",
       "      <td>0.0402</td>\n",
       "      <td>-0.0859</td>\n",
       "      <td>0.1978</td>\n",
       "    </tr>\n",
       "    <tr>\n",
       "      <th>XMMO</th>\n",
       "      <td>0.0009</td>\n",
       "      <td>0.9260</td>\n",
       "      <td>0.9014</td>\n",
       "      <td>41.4577</td>\n",
       "      <td>146.0000</td>\n",
       "      <td>-0.0003</td>\n",
       "      <td>0.9979</td>\n",
       "      <td>-0.3613</td>\n",
       "      <td>48.6811</td>\n",
       "      <td>146.0000</td>\n",
       "      <td>-0.1367</td>\n",
       "      <td>0.0053</td>\n",
       "      <td>0.1439</td>\n",
       "    </tr>\n",
       "    <tr>\n",
       "      <th>ONEO</th>\n",
       "      <td>0.0013</td>\n",
       "      <td>0.9050</td>\n",
       "      <td>0.7382</td>\n",
       "      <td>22.9930</td>\n",
       "      <td>140.0000</td>\n",
       "      <td>-0.0012</td>\n",
       "      <td>1.0463</td>\n",
       "      <td>-0.9490</td>\n",
       "      <td>35.3316</td>\n",
       "      <td>140.0000</td>\n",
       "      <td>-0.0723</td>\n",
       "      <td>-0.0621</td>\n",
       "      <td>0.3902</td>\n",
       "    </tr>\n",
       "    <tr>\n",
       "      <th>VFMO</th>\n",
       "      <td>-0.0033</td>\n",
       "      <td>1.0494</td>\n",
       "      <td>-2.1512</td>\n",
       "      <td>32.8676</td>\n",
       "      <td>108.0000</td>\n",
       "      <td>-0.0026</td>\n",
       "      <td>1.0272</td>\n",
       "      <td>-2.2665</td>\n",
       "      <td>38.0721</td>\n",
       "      <td>108.0000</td>\n",
       "      <td>0.1545</td>\n",
       "      <td>0.2452</td>\n",
       "      <td>0.0499</td>\n",
       "    </tr>\n",
       "    <tr>\n",
       "      <th>JMOM</th>\n",
       "      <td>-0.0011</td>\n",
       "      <td>1.0353</td>\n",
       "      <td>-0.7678</td>\n",
       "      <td>34.8529</td>\n",
       "      <td>213.0000</td>\n",
       "      <td>-0.0021</td>\n",
       "      <td>1.1030</td>\n",
       "      <td>-1.7694</td>\n",
       "      <td>39.8485</td>\n",
       "      <td>213.0000</td>\n",
       "      <td>0.1537</td>\n",
       "      <td>-0.1465</td>\n",
       "      <td>0.2085</td>\n",
       "    </tr>\n",
       "    <tr>\n",
       "      <th>SPMO</th>\n",
       "      <td>-0.0019</td>\n",
       "      <td>1.1372</td>\n",
       "      <td>-0.5235</td>\n",
       "      <td>14.6403</td>\n",
       "      <td>108.0000</td>\n",
       "      <td>-0.0022</td>\n",
       "      <td>1.2206</td>\n",
       "      <td>-0.7714</td>\n",
       "      <td>18.7520</td>\n",
       "      <td>108.0000</td>\n",
       "      <td>0.7181</td>\n",
       "      <td>0.0780</td>\n",
       "      <td>0.6700</td>\n",
       "    </tr>\n",
       "    <tr>\n",
       "      <th>QMOM</th>\n",
       "      <td>0.0033</td>\n",
       "      <td>0.8730</td>\n",
       "      <td>1.5179</td>\n",
       "      <td>18.8650</td>\n",
       "      <td>110.0000</td>\n",
       "      <td>0.0011</td>\n",
       "      <td>1.0398</td>\n",
       "      <td>0.7118</td>\n",
       "      <td>27.3942</td>\n",
       "      <td>110.0000</td>\n",
       "      <td>-0.1469</td>\n",
       "      <td>0.0028</td>\n",
       "      <td>0.3952</td>\n",
       "    </tr>\n",
       "    <tr>\n",
       "      <th>FDMO</th>\n",
       "      <td>-0.0005</td>\n",
       "      <td>1.0569</td>\n",
       "      <td>-0.1882</td>\n",
       "      <td>21.3917</td>\n",
       "      <td>82.0000</td>\n",
       "      <td>-0.0000</td>\n",
       "      <td>1.0709</td>\n",
       "      <td>-0.0110</td>\n",
       "      <td>34.6366</td>\n",
       "      <td>82.0000</td>\n",
       "      <td>0.5903</td>\n",
       "      <td>0.1543</td>\n",
       "      <td>0.3939</td>\n",
       "    </tr>\n",
       "    <tr>\n",
       "      <th>MMTM</th>\n",
       "      <td>0.0010</td>\n",
       "      <td>1.0554</td>\n",
       "      <td>0.6499</td>\n",
       "      <td>30.6012</td>\n",
       "      <td>237.0000</td>\n",
       "      <td>0.0006</td>\n",
       "      <td>1.0699</td>\n",
       "      <td>0.4639</td>\n",
       "      <td>31.6463</td>\n",
       "      <td>237.0000</td>\n",
       "      <td>0.3517</td>\n",
       "      <td>-0.0590</td>\n",
       "      <td>0.2112</td>\n",
       "    </tr>\n",
       "  </tbody>\n",
       "</table>\n",
       "</div>"
      ],
      "text/plain": [
       "        CAPM                                     FF4                         \\\n",
       "       alpha   beta t_alpha  t_beta     nobs   alpha   beta t_alpha  t_beta   \n",
       "MTUM  0.0003 0.9457  0.2385 33.1512  99.0000 -0.0012 1.0346 -1.3099 49.0751   \n",
       "PDP   0.0006 0.9846  0.4241 37.0406  85.0000 -0.0005 1.0456 -0.5439 49.3663   \n",
       "XMMO  0.0009 0.9260  0.9014 41.4577 146.0000 -0.0003 0.9979 -0.3613 48.6811   \n",
       "ONEO  0.0013 0.9050  0.7382 22.9930 140.0000 -0.0012 1.0463 -0.9490 35.3316   \n",
       "VFMO -0.0033 1.0494 -2.1512 32.8676 108.0000 -0.0026 1.0272 -2.2665 38.0721   \n",
       "JMOM -0.0011 1.0353 -0.7678 34.8529 213.0000 -0.0021 1.1030 -1.7694 39.8485   \n",
       "SPMO -0.0019 1.1372 -0.5235 14.6403 108.0000 -0.0022 1.2206 -0.7714 18.7520   \n",
       "QMOM  0.0033 0.8730  1.5179 18.8650 110.0000  0.0011 1.0398  0.7118 27.3942   \n",
       "FDMO -0.0005 1.0569 -0.1882 21.3917  82.0000 -0.0000 1.0709 -0.0110 34.6366   \n",
       "MMTM  0.0010 1.0554  0.6499 30.6012 237.0000  0.0006 1.0699  0.4639 31.6463   \n",
       "\n",
       "                                             \n",
       "         nobs coeff_smb coeff_hml coeff_mom  \n",
       "MTUM  99.0000   -0.0145   -0.0784    0.2454  \n",
       "PDP   85.0000    0.0402   -0.0859    0.1978  \n",
       "XMMO 146.0000   -0.1367    0.0053    0.1439  \n",
       "ONEO 140.0000   -0.0723   -0.0621    0.3902  \n",
       "VFMO 108.0000    0.1545    0.2452    0.0499  \n",
       "JMOM 213.0000    0.1537   -0.1465    0.2085  \n",
       "SPMO 108.0000    0.7181    0.0780    0.6700  \n",
       "QMOM 110.0000   -0.1469    0.0028    0.3952  \n",
       "FDMO  82.0000    0.5903    0.1543    0.3939  \n",
       "MMTM 237.0000    0.3517   -0.0590    0.2112  "
      ]
     },
     "execution_count": 6,
     "metadata": {},
     "output_type": "execute_result"
    }
   ],
   "source": [
    "# Run the performance evaluations\n",
    "for tick in ticker_list:\n",
    "    # Market-model\n",
    "    mm = sm.OLS(df[tick]-df['RF'], sm.add_constant(df['Mkt-RF']),missing='drop').fit()\n",
    "    stats.loc[tick, ('CAPM','alpha')] = mm.params[0]\n",
    "    stats.loc[tick, ('CAPM','beta')]  = mm.params[1]\n",
    "    stats.loc[tick, ('CAPM','t_alpha')] = mm.tvalues[0]\n",
    "    stats.loc[tick, ('CAPM','t_beta')]  = mm.tvalues[1]\n",
    "    stats.loc[tick, ('CAPM','nobs')]  = mm.nobs\n",
    "\n",
    "    # Fama-French 4-factor model\n",
    "    ff4 = sm.OLS(df[tick]-df['RF'], sm.add_constant(df[['Mkt-RF','SMB','HML','Mom']]),missing='drop').fit()\n",
    "    stats.loc[tick, ('FF4','alpha')] = ff4.params[0]\n",
    "    stats.loc[tick, ('FF4','beta')]  = ff4.params[1]\n",
    "    stats.loc[tick, ('FF4','coeff_smb')]  = ff4.params[2]\n",
    "    stats.loc[tick, ('FF4','coeff_hml')]  = ff4.params[3]\n",
    "    stats.loc[tick, ('FF4','coeff_mom')]  = ff4.params[4]\n",
    "    stats.loc[tick, ('FF4','t_alpha')] = ff4.tvalues[0]\n",
    "    stats.loc[tick, ('FF4','t_beta')]  = ff4.tvalues[1]  \n",
    "    stats.loc[tick, ('FF4','nobs')]    = ff4.nobs \n",
    "stats"
   ]
  },
  {
   "cell_type": "code",
   "execution_count": 7,
   "metadata": {},
   "outputs": [
    {
     "data": {
      "text/html": [
       "<div>\n",
       "<style scoped>\n",
       "    .dataframe tbody tr th:only-of-type {\n",
       "        vertical-align: middle;\n",
       "    }\n",
       "\n",
       "    .dataframe tbody tr th {\n",
       "        vertical-align: top;\n",
       "    }\n",
       "\n",
       "    .dataframe thead tr th {\n",
       "        text-align: left;\n",
       "    }\n",
       "</style>\n",
       "<table border=\"1\" class=\"dataframe\">\n",
       "  <thead>\n",
       "    <tr>\n",
       "      <th></th>\n",
       "      <th colspan=\"5\" halign=\"left\">CAPM</th>\n",
       "      <th colspan=\"8\" halign=\"left\">FF4</th>\n",
       "    </tr>\n",
       "    <tr>\n",
       "      <th></th>\n",
       "      <th>alpha</th>\n",
       "      <th>beta</th>\n",
       "      <th>t_alpha</th>\n",
       "      <th>t_beta</th>\n",
       "      <th>nobs</th>\n",
       "      <th>alpha</th>\n",
       "      <th>beta</th>\n",
       "      <th>t_alpha</th>\n",
       "      <th>t_beta</th>\n",
       "      <th>nobs</th>\n",
       "      <th>coeff_smb</th>\n",
       "      <th>coeff_hml</th>\n",
       "      <th>coeff_mom</th>\n",
       "    </tr>\n",
       "  </thead>\n",
       "  <tbody>\n",
       "    <tr>\n",
       "      <th>QMOM</th>\n",
       "      <td>0.0033</td>\n",
       "      <td>0.8730</td>\n",
       "      <td>1.5179</td>\n",
       "      <td>18.8650</td>\n",
       "      <td>110.0000</td>\n",
       "      <td>0.0011</td>\n",
       "      <td>1.0398</td>\n",
       "      <td>0.7118</td>\n",
       "      <td>27.3942</td>\n",
       "      <td>110.0000</td>\n",
       "      <td>-0.1469</td>\n",
       "      <td>0.0028</td>\n",
       "      <td>0.3952</td>\n",
       "    </tr>\n",
       "    <tr>\n",
       "      <th>XMMO</th>\n",
       "      <td>0.0009</td>\n",
       "      <td>0.9260</td>\n",
       "      <td>0.9014</td>\n",
       "      <td>41.4577</td>\n",
       "      <td>146.0000</td>\n",
       "      <td>-0.0003</td>\n",
       "      <td>0.9979</td>\n",
       "      <td>-0.3613</td>\n",
       "      <td>48.6811</td>\n",
       "      <td>146.0000</td>\n",
       "      <td>-0.1367</td>\n",
       "      <td>0.0053</td>\n",
       "      <td>0.1439</td>\n",
       "    </tr>\n",
       "    <tr>\n",
       "      <th>ONEO</th>\n",
       "      <td>0.0013</td>\n",
       "      <td>0.9050</td>\n",
       "      <td>0.7382</td>\n",
       "      <td>22.9930</td>\n",
       "      <td>140.0000</td>\n",
       "      <td>-0.0012</td>\n",
       "      <td>1.0463</td>\n",
       "      <td>-0.9490</td>\n",
       "      <td>35.3316</td>\n",
       "      <td>140.0000</td>\n",
       "      <td>-0.0723</td>\n",
       "      <td>-0.0621</td>\n",
       "      <td>0.3902</td>\n",
       "    </tr>\n",
       "    <tr>\n",
       "      <th>MMTM</th>\n",
       "      <td>0.0010</td>\n",
       "      <td>1.0554</td>\n",
       "      <td>0.6499</td>\n",
       "      <td>30.6012</td>\n",
       "      <td>237.0000</td>\n",
       "      <td>0.0006</td>\n",
       "      <td>1.0699</td>\n",
       "      <td>0.4639</td>\n",
       "      <td>31.6463</td>\n",
       "      <td>237.0000</td>\n",
       "      <td>0.3517</td>\n",
       "      <td>-0.0590</td>\n",
       "      <td>0.2112</td>\n",
       "    </tr>\n",
       "    <tr>\n",
       "      <th>PDP</th>\n",
       "      <td>0.0006</td>\n",
       "      <td>0.9846</td>\n",
       "      <td>0.4241</td>\n",
       "      <td>37.0406</td>\n",
       "      <td>85.0000</td>\n",
       "      <td>-0.0005</td>\n",
       "      <td>1.0456</td>\n",
       "      <td>-0.5439</td>\n",
       "      <td>49.3663</td>\n",
       "      <td>85.0000</td>\n",
       "      <td>0.0402</td>\n",
       "      <td>-0.0859</td>\n",
       "      <td>0.1978</td>\n",
       "    </tr>\n",
       "    <tr>\n",
       "      <th>MTUM</th>\n",
       "      <td>0.0003</td>\n",
       "      <td>0.9457</td>\n",
       "      <td>0.2385</td>\n",
       "      <td>33.1512</td>\n",
       "      <td>99.0000</td>\n",
       "      <td>-0.0012</td>\n",
       "      <td>1.0346</td>\n",
       "      <td>-1.3099</td>\n",
       "      <td>49.0751</td>\n",
       "      <td>99.0000</td>\n",
       "      <td>-0.0145</td>\n",
       "      <td>-0.0784</td>\n",
       "      <td>0.2454</td>\n",
       "    </tr>\n",
       "    <tr>\n",
       "      <th>FDMO</th>\n",
       "      <td>-0.0005</td>\n",
       "      <td>1.0569</td>\n",
       "      <td>-0.1882</td>\n",
       "      <td>21.3917</td>\n",
       "      <td>82.0000</td>\n",
       "      <td>-0.0000</td>\n",
       "      <td>1.0709</td>\n",
       "      <td>-0.0110</td>\n",
       "      <td>34.6366</td>\n",
       "      <td>82.0000</td>\n",
       "      <td>0.5903</td>\n",
       "      <td>0.1543</td>\n",
       "      <td>0.3939</td>\n",
       "    </tr>\n",
       "    <tr>\n",
       "      <th>SPMO</th>\n",
       "      <td>-0.0019</td>\n",
       "      <td>1.1372</td>\n",
       "      <td>-0.5235</td>\n",
       "      <td>14.6403</td>\n",
       "      <td>108.0000</td>\n",
       "      <td>-0.0022</td>\n",
       "      <td>1.2206</td>\n",
       "      <td>-0.7714</td>\n",
       "      <td>18.7520</td>\n",
       "      <td>108.0000</td>\n",
       "      <td>0.7181</td>\n",
       "      <td>0.0780</td>\n",
       "      <td>0.6700</td>\n",
       "    </tr>\n",
       "    <tr>\n",
       "      <th>JMOM</th>\n",
       "      <td>-0.0011</td>\n",
       "      <td>1.0353</td>\n",
       "      <td>-0.7678</td>\n",
       "      <td>34.8529</td>\n",
       "      <td>213.0000</td>\n",
       "      <td>-0.0021</td>\n",
       "      <td>1.1030</td>\n",
       "      <td>-1.7694</td>\n",
       "      <td>39.8485</td>\n",
       "      <td>213.0000</td>\n",
       "      <td>0.1537</td>\n",
       "      <td>-0.1465</td>\n",
       "      <td>0.2085</td>\n",
       "    </tr>\n",
       "    <tr>\n",
       "      <th>VFMO</th>\n",
       "      <td>-0.0033</td>\n",
       "      <td>1.0494</td>\n",
       "      <td>-2.1512</td>\n",
       "      <td>32.8676</td>\n",
       "      <td>108.0000</td>\n",
       "      <td>-0.0026</td>\n",
       "      <td>1.0272</td>\n",
       "      <td>-2.2665</td>\n",
       "      <td>38.0721</td>\n",
       "      <td>108.0000</td>\n",
       "      <td>0.1545</td>\n",
       "      <td>0.2452</td>\n",
       "      <td>0.0499</td>\n",
       "    </tr>\n",
       "  </tbody>\n",
       "</table>\n",
       "</div>"
      ],
      "text/plain": [
       "        CAPM                                     FF4                         \\\n",
       "       alpha   beta t_alpha  t_beta     nobs   alpha   beta t_alpha  t_beta   \n",
       "QMOM  0.0033 0.8730  1.5179 18.8650 110.0000  0.0011 1.0398  0.7118 27.3942   \n",
       "XMMO  0.0009 0.9260  0.9014 41.4577 146.0000 -0.0003 0.9979 -0.3613 48.6811   \n",
       "ONEO  0.0013 0.9050  0.7382 22.9930 140.0000 -0.0012 1.0463 -0.9490 35.3316   \n",
       "MMTM  0.0010 1.0554  0.6499 30.6012 237.0000  0.0006 1.0699  0.4639 31.6463   \n",
       "PDP   0.0006 0.9846  0.4241 37.0406  85.0000 -0.0005 1.0456 -0.5439 49.3663   \n",
       "MTUM  0.0003 0.9457  0.2385 33.1512  99.0000 -0.0012 1.0346 -1.3099 49.0751   \n",
       "FDMO -0.0005 1.0569 -0.1882 21.3917  82.0000 -0.0000 1.0709 -0.0110 34.6366   \n",
       "SPMO -0.0019 1.1372 -0.5235 14.6403 108.0000 -0.0022 1.2206 -0.7714 18.7520   \n",
       "JMOM -0.0011 1.0353 -0.7678 34.8529 213.0000 -0.0021 1.1030 -1.7694 39.8485   \n",
       "VFMO -0.0033 1.0494 -2.1512 32.8676 108.0000 -0.0026 1.0272 -2.2665 38.0721   \n",
       "\n",
       "                                             \n",
       "         nobs coeff_smb coeff_hml coeff_mom  \n",
       "QMOM 110.0000   -0.1469    0.0028    0.3952  \n",
       "XMMO 146.0000   -0.1367    0.0053    0.1439  \n",
       "ONEO 140.0000   -0.0723   -0.0621    0.3902  \n",
       "MMTM 237.0000    0.3517   -0.0590    0.2112  \n",
       "PDP   85.0000    0.0402   -0.0859    0.1978  \n",
       "MTUM  99.0000   -0.0145   -0.0784    0.2454  \n",
       "FDMO  82.0000    0.5903    0.1543    0.3939  \n",
       "SPMO 108.0000    0.7181    0.0780    0.6700  \n",
       "JMOM 213.0000    0.1537   -0.1465    0.2085  \n",
       "VFMO 108.0000    0.1545    0.2452    0.0499  "
      ]
     },
     "execution_count": 7,
     "metadata": {},
     "output_type": "execute_result"
    }
   ],
   "source": [
    "# Sort to find the highest historical alpha\n",
    "stats.sort_values(by=[('CAPM','t_alpha')], ascending=False)"
   ]
  },
  {
   "cell_type": "code",
   "execution_count": 8,
   "metadata": {},
   "outputs": [
    {
     "name": "stdout",
     "output_type": "stream",
     "text": [
      "-2.33%\n"
     ]
    }
   ],
   "source": [
    "alpha = stats.loc['SPMO',('CAPM','alpha')]*12\n",
    "print(f'{alpha: .2%}')"
   ]
  },
  {
   "cell_type": "code",
   "execution_count": 9,
   "metadata": {},
   "outputs": [
    {
     "name": "stdout",
     "output_type": "stream",
     "text": [
      "                            OLS Regression Results                            \n",
      "==============================================================================\n",
      "Dep. Variable:                      y   R-squared:                       0.822\n",
      "Model:                            OLS   Adj. R-squared:                  0.815\n",
      "Method:                 Least Squares   F-statistic:                     118.6\n",
      "Date:                Wed, 16 Apr 2025   Prob (F-statistic):           1.22e-37\n",
      "Time:                        20:25:42   Log-Likelihood:                 235.57\n",
      "No. Observations:                 108   AIC:                            -461.1\n",
      "Df Residuals:                     103   BIC:                            -447.7\n",
      "Df Model:                           4                                         \n",
      "Covariance Type:            nonrobust                                         \n",
      "==============================================================================\n",
      "                 coef    std err          t      P>|t|      [0.025      0.975]\n",
      "------------------------------------------------------------------------------\n",
      "const         -0.0022      0.003     -0.771      0.442      -0.008       0.003\n",
      "Mkt-RF         1.2206      0.065     18.752      0.000       1.091       1.350\n",
      "SMB            0.7181      0.106      6.787      0.000       0.508       0.928\n",
      "HML            0.0780      0.072      1.082      0.282      -0.065       0.221\n",
      "Mom            0.6700      0.083      8.080      0.000       0.506       0.835\n",
      "==============================================================================\n",
      "Omnibus:                        0.319   Durbin-Watson:                   1.987\n",
      "Prob(Omnibus):                  0.853   Jarque-Bera (JB):                0.406\n",
      "Skew:                           0.124   Prob(JB):                        0.816\n",
      "Kurtosis:                       2.829   Cond. No.                         41.3\n",
      "==============================================================================\n",
      "\n",
      "Notes:\n",
      "[1] Standard Errors assume that the covariance matrix of the errors is correctly specified.\n"
     ]
    }
   ],
   "source": [
    "ff4 = sm.OLS(df['SPMO']-df['RF'], sm.add_constant(df[['Mkt-RF','SMB','HML','Mom']]),missing='drop').fit()\n",
    "print(ff4.summary())"
   ]
  },
  {
   "cell_type": "code",
   "execution_count": null,
   "metadata": {},
   "outputs": [],
   "source": []
  }
 ],
 "metadata": {
  "kernelspec": {
   "display_name": "base",
   "language": "python",
   "name": "python3"
  },
  "language_info": {
   "codemirror_mode": {
    "name": "ipython",
    "version": 3
   },
   "file_extension": ".py",
   "mimetype": "text/x-python",
   "name": "python",
   "nbconvert_exporter": "python",
   "pygments_lexer": "ipython3",
   "version": "3.12.8"
  },
  "orig_nbformat": 4
 },
 "nbformat": 4,
 "nbformat_minor": 2
}
