{
 "cells": [
  {
   "cell_type": "markdown",
   "metadata": {},
   "source": [
    "# Momentum ETF Performance"
   ]
  },
  {
   "cell_type": "code",
   "execution_count": 1,
   "metadata": {},
   "outputs": [],
   "source": [
    "import pandas as pd\n",
    "import numpy as np\n",
    "from pandas_datareader import DataReader as pdr\n",
    "import yfinance as yf\n",
    "import plotly.graph_objects as go\n",
    "import statsmodels.api as sm\n",
    "pd.options.display.float_format = '{:.4f}'.format"
   ]
  },
  {
   "cell_type": "code",
   "execution_count": 2,
   "metadata": {},
   "outputs": [],
   "source": [
    "# Function to pull returns\n",
    "def returns(tickers):\n",
    "    ret = yf.download(tickers, start='2000-01-01', end='2022-12-31', progress=False)\n",
    "    ret.index = ret.index.to_period('D')\n",
    "    ret = ret[\"Adj Close\"].resample(\"M\").last()\n",
    "    ret = ret.pct_change()\n",
    "    ret.columns = tickers\n",
    "    return ret"
   ]
  },
  {
   "cell_type": "code",
   "execution_count": 3,
   "metadata": {},
   "outputs": [
    {
     "name": "stderr",
     "output_type": "stream",
     "text": [
      "d:\\bbcx-investments-quarto\\quarto\\venv\\lib\\site-packages\\pandas\\core\\arrays\\datetimes.py:1162: UserWarning: Converting to PeriodArray/Index representation will drop timezone information.\n",
      "  warnings.warn(\n"
     ]
    },
    {
     "data": {
      "text/html": [
       "<div>\n",
       "<style scoped>\n",
       "    .dataframe tbody tr th:only-of-type {\n",
       "        vertical-align: middle;\n",
       "    }\n",
       "\n",
       "    .dataframe tbody tr th {\n",
       "        vertical-align: top;\n",
       "    }\n",
       "\n",
       "    .dataframe thead th {\n",
       "        text-align: right;\n",
       "    }\n",
       "</style>\n",
       "<table border=\"1\" class=\"dataframe\">\n",
       "  <thead>\n",
       "    <tr style=\"text-align: right;\">\n",
       "      <th></th>\n",
       "      <th>MTUM</th>\n",
       "      <th>PDP</th>\n",
       "      <th>XMMO</th>\n",
       "      <th>ONEO</th>\n",
       "      <th>VFMO</th>\n",
       "      <th>JMOM</th>\n",
       "      <th>SPMO</th>\n",
       "      <th>QMOM</th>\n",
       "      <th>FDMO</th>\n",
       "      <th>MMTM</th>\n",
       "    </tr>\n",
       "    <tr>\n",
       "      <th>Date</th>\n",
       "      <th></th>\n",
       "      <th></th>\n",
       "      <th></th>\n",
       "      <th></th>\n",
       "      <th></th>\n",
       "      <th></th>\n",
       "      <th></th>\n",
       "      <th></th>\n",
       "      <th></th>\n",
       "      <th></th>\n",
       "    </tr>\n",
       "  </thead>\n",
       "  <tbody>\n",
       "    <tr>\n",
       "      <th>2005-03</th>\n",
       "      <td>NaN</td>\n",
       "      <td>NaN</td>\n",
       "      <td>NaN</td>\n",
       "      <td>NaN</td>\n",
       "      <td>NaN</td>\n",
       "      <td>NaN</td>\n",
       "      <td>NaN</td>\n",
       "      <td>NaN</td>\n",
       "      <td>NaN</td>\n",
       "      <td>NaN</td>\n",
       "    </tr>\n",
       "    <tr>\n",
       "      <th>2005-04</th>\n",
       "      <td>NaN</td>\n",
       "      <td>NaN</td>\n",
       "      <td>NaN</td>\n",
       "      <td>NaN</td>\n",
       "      <td>NaN</td>\n",
       "      <td>NaN</td>\n",
       "      <td>NaN</td>\n",
       "      <td>NaN</td>\n",
       "      <td>NaN</td>\n",
       "      <td>-0.0368</td>\n",
       "    </tr>\n",
       "    <tr>\n",
       "      <th>2005-05</th>\n",
       "      <td>NaN</td>\n",
       "      <td>NaN</td>\n",
       "      <td>NaN</td>\n",
       "      <td>NaN</td>\n",
       "      <td>NaN</td>\n",
       "      <td>NaN</td>\n",
       "      <td>NaN</td>\n",
       "      <td>NaN</td>\n",
       "      <td>NaN</td>\n",
       "      <td>0.0678</td>\n",
       "    </tr>\n",
       "    <tr>\n",
       "      <th>2005-06</th>\n",
       "      <td>NaN</td>\n",
       "      <td>NaN</td>\n",
       "      <td>NaN</td>\n",
       "      <td>NaN</td>\n",
       "      <td>NaN</td>\n",
       "      <td>NaN</td>\n",
       "      <td>NaN</td>\n",
       "      <td>NaN</td>\n",
       "      <td>NaN</td>\n",
       "      <td>0.0432</td>\n",
       "    </tr>\n",
       "    <tr>\n",
       "      <th>2005-07</th>\n",
       "      <td>NaN</td>\n",
       "      <td>NaN</td>\n",
       "      <td>NaN</td>\n",
       "      <td>NaN</td>\n",
       "      <td>NaN</td>\n",
       "      <td>NaN</td>\n",
       "      <td>NaN</td>\n",
       "      <td>NaN</td>\n",
       "      <td>NaN</td>\n",
       "      <td>0.0343</td>\n",
       "    </tr>\n",
       "    <tr>\n",
       "      <th>...</th>\n",
       "      <td>...</td>\n",
       "      <td>...</td>\n",
       "      <td>...</td>\n",
       "      <td>...</td>\n",
       "      <td>...</td>\n",
       "      <td>...</td>\n",
       "      <td>...</td>\n",
       "      <td>...</td>\n",
       "      <td>...</td>\n",
       "      <td>...</td>\n",
       "    </tr>\n",
       "    <tr>\n",
       "      <th>2022-08</th>\n",
       "      <td>-0.0266</td>\n",
       "      <td>-0.0338</td>\n",
       "      <td>-0.0302</td>\n",
       "      <td>-0.0199</td>\n",
       "      <td>-0.0241</td>\n",
       "      <td>-0.0201</td>\n",
       "      <td>0.0296</td>\n",
       "      <td>-0.0295</td>\n",
       "      <td>-0.0039</td>\n",
       "      <td>-0.0320</td>\n",
       "    </tr>\n",
       "    <tr>\n",
       "      <th>2022-09</th>\n",
       "      <td>-0.0743</td>\n",
       "      <td>-0.0867</td>\n",
       "      <td>-0.0803</td>\n",
       "      <td>-0.0595</td>\n",
       "      <td>-0.0926</td>\n",
       "      <td>-0.0863</td>\n",
       "      <td>-0.0783</td>\n",
       "      <td>-0.0698</td>\n",
       "      <td>-0.0764</td>\n",
       "      <td>-0.0960</td>\n",
       "    </tr>\n",
       "    <tr>\n",
       "      <th>2022-10</th>\n",
       "      <td>0.0849</td>\n",
       "      <td>0.0873</td>\n",
       "      <td>0.0962</td>\n",
       "      <td>0.1255</td>\n",
       "      <td>0.1121</td>\n",
       "      <td>0.1061</td>\n",
       "      <td>0.1572</td>\n",
       "      <td>0.1358</td>\n",
       "      <td>0.1287</td>\n",
       "      <td>0.1215</td>\n",
       "    </tr>\n",
       "    <tr>\n",
       "      <th>2022-11</th>\n",
       "      <td>0.0249</td>\n",
       "      <td>0.0544</td>\n",
       "      <td>0.0418</td>\n",
       "      <td>0.0347</td>\n",
       "      <td>0.0637</td>\n",
       "      <td>0.0302</td>\n",
       "      <td>-0.0083</td>\n",
       "      <td>0.0317</td>\n",
       "      <td>0.0214</td>\n",
       "      <td>0.0326</td>\n",
       "    </tr>\n",
       "    <tr>\n",
       "      <th>2022-12</th>\n",
       "      <td>-0.0607</td>\n",
       "      <td>-0.0611</td>\n",
       "      <td>-0.0470</td>\n",
       "      <td>-0.0393</td>\n",
       "      <td>-0.0513</td>\n",
       "      <td>-0.0743</td>\n",
       "      <td>-0.0795</td>\n",
       "      <td>-0.0316</td>\n",
       "      <td>-0.0600</td>\n",
       "      <td>-0.0647</td>\n",
       "    </tr>\n",
       "  </tbody>\n",
       "</table>\n",
       "<p>214 rows × 10 columns</p>\n",
       "</div>"
      ],
      "text/plain": [
       "           MTUM     PDP    XMMO    ONEO    VFMO    JMOM    SPMO    QMOM  \\\n",
       "Date                                                                      \n",
       "2005-03     NaN     NaN     NaN     NaN     NaN     NaN     NaN     NaN   \n",
       "2005-04     NaN     NaN     NaN     NaN     NaN     NaN     NaN     NaN   \n",
       "2005-05     NaN     NaN     NaN     NaN     NaN     NaN     NaN     NaN   \n",
       "2005-06     NaN     NaN     NaN     NaN     NaN     NaN     NaN     NaN   \n",
       "2005-07     NaN     NaN     NaN     NaN     NaN     NaN     NaN     NaN   \n",
       "...         ...     ...     ...     ...     ...     ...     ...     ...   \n",
       "2022-08 -0.0266 -0.0338 -0.0302 -0.0199 -0.0241 -0.0201  0.0296 -0.0295   \n",
       "2022-09 -0.0743 -0.0867 -0.0803 -0.0595 -0.0926 -0.0863 -0.0783 -0.0698   \n",
       "2022-10  0.0849  0.0873  0.0962  0.1255  0.1121  0.1061  0.1572  0.1358   \n",
       "2022-11  0.0249  0.0544  0.0418  0.0347  0.0637  0.0302 -0.0083  0.0317   \n",
       "2022-12 -0.0607 -0.0611 -0.0470 -0.0393 -0.0513 -0.0743 -0.0795 -0.0316   \n",
       "\n",
       "           FDMO    MMTM  \n",
       "Date                     \n",
       "2005-03     NaN     NaN  \n",
       "2005-04     NaN -0.0368  \n",
       "2005-05     NaN  0.0678  \n",
       "2005-06     NaN  0.0432  \n",
       "2005-07     NaN  0.0343  \n",
       "...         ...     ...  \n",
       "2022-08 -0.0039 -0.0320  \n",
       "2022-09 -0.0764 -0.0960  \n",
       "2022-10  0.1287  0.1215  \n",
       "2022-11  0.0214  0.0326  \n",
       "2022-12 -0.0600 -0.0647  \n",
       "\n",
       "[214 rows x 10 columns]"
      ]
     },
     "execution_count": 3,
     "metadata": {},
     "output_type": "execute_result"
    }
   ],
   "source": [
    "# Pull data\n",
    "ticker_list = ['MTUM','PDP','XMMO','ONEO','VFMO','JMOM','SPMO','QMOM','FDMO','MMTM']\n",
    "\n",
    "# Pull the data from Yahoo\n",
    "df = returns(ticker_list)\n",
    "df"
   ]
  },
  {
   "cell_type": "code",
   "execution_count": 4,
   "metadata": {},
   "outputs": [],
   "source": [
    "# Add factors\n",
    "ff3 = pdr('F-F_Research_Data_Factors','famafrench', start=1900)[0]/100\n",
    "Mom = pdr('F-F_Momentum_Factor','famafrench', start=1900)[0]/100\n",
    "Mom.columns = ['Mom']\n",
    "ff = ff3.join(Mom)\n",
    "df = df.join(ff)"
   ]
  },
  {
   "attachments": {},
   "cell_type": "markdown",
   "metadata": {},
   "source": [
    "## Run market model and Fama-French-Carhart performance models"
   ]
  },
  {
   "cell_type": "code",
   "execution_count": 5,
   "metadata": {},
   "outputs": [
    {
     "data": {
      "text/html": [
       "<div>\n",
       "<style scoped>\n",
       "    .dataframe tbody tr th:only-of-type {\n",
       "        vertical-align: middle;\n",
       "    }\n",
       "\n",
       "    .dataframe tbody tr th {\n",
       "        vertical-align: top;\n",
       "    }\n",
       "\n",
       "    .dataframe thead tr th {\n",
       "        text-align: left;\n",
       "    }\n",
       "</style>\n",
       "<table border=\"1\" class=\"dataframe\">\n",
       "  <thead>\n",
       "    <tr>\n",
       "      <th></th>\n",
       "      <th colspan=\"5\" halign=\"left\">CAPM</th>\n",
       "      <th colspan=\"5\" halign=\"left\">FF4</th>\n",
       "    </tr>\n",
       "    <tr>\n",
       "      <th></th>\n",
       "      <th>alpha</th>\n",
       "      <th>beta</th>\n",
       "      <th>t_alpha</th>\n",
       "      <th>t_beta</th>\n",
       "      <th>nobs</th>\n",
       "      <th>alpha</th>\n",
       "      <th>beta</th>\n",
       "      <th>t_alpha</th>\n",
       "      <th>t_beta</th>\n",
       "      <th>nobs</th>\n",
       "    </tr>\n",
       "  </thead>\n",
       "  <tbody>\n",
       "    <tr>\n",
       "      <th>MTUM</th>\n",
       "      <td>NaN</td>\n",
       "      <td>NaN</td>\n",
       "      <td>NaN</td>\n",
       "      <td>NaN</td>\n",
       "      <td>NaN</td>\n",
       "      <td>NaN</td>\n",
       "      <td>NaN</td>\n",
       "      <td>NaN</td>\n",
       "      <td>NaN</td>\n",
       "      <td>NaN</td>\n",
       "    </tr>\n",
       "    <tr>\n",
       "      <th>PDP</th>\n",
       "      <td>NaN</td>\n",
       "      <td>NaN</td>\n",
       "      <td>NaN</td>\n",
       "      <td>NaN</td>\n",
       "      <td>NaN</td>\n",
       "      <td>NaN</td>\n",
       "      <td>NaN</td>\n",
       "      <td>NaN</td>\n",
       "      <td>NaN</td>\n",
       "      <td>NaN</td>\n",
       "    </tr>\n",
       "    <tr>\n",
       "      <th>XMMO</th>\n",
       "      <td>NaN</td>\n",
       "      <td>NaN</td>\n",
       "      <td>NaN</td>\n",
       "      <td>NaN</td>\n",
       "      <td>NaN</td>\n",
       "      <td>NaN</td>\n",
       "      <td>NaN</td>\n",
       "      <td>NaN</td>\n",
       "      <td>NaN</td>\n",
       "      <td>NaN</td>\n",
       "    </tr>\n",
       "    <tr>\n",
       "      <th>ONEO</th>\n",
       "      <td>NaN</td>\n",
       "      <td>NaN</td>\n",
       "      <td>NaN</td>\n",
       "      <td>NaN</td>\n",
       "      <td>NaN</td>\n",
       "      <td>NaN</td>\n",
       "      <td>NaN</td>\n",
       "      <td>NaN</td>\n",
       "      <td>NaN</td>\n",
       "      <td>NaN</td>\n",
       "    </tr>\n",
       "    <tr>\n",
       "      <th>VFMO</th>\n",
       "      <td>NaN</td>\n",
       "      <td>NaN</td>\n",
       "      <td>NaN</td>\n",
       "      <td>NaN</td>\n",
       "      <td>NaN</td>\n",
       "      <td>NaN</td>\n",
       "      <td>NaN</td>\n",
       "      <td>NaN</td>\n",
       "      <td>NaN</td>\n",
       "      <td>NaN</td>\n",
       "    </tr>\n",
       "    <tr>\n",
       "      <th>JMOM</th>\n",
       "      <td>NaN</td>\n",
       "      <td>NaN</td>\n",
       "      <td>NaN</td>\n",
       "      <td>NaN</td>\n",
       "      <td>NaN</td>\n",
       "      <td>NaN</td>\n",
       "      <td>NaN</td>\n",
       "      <td>NaN</td>\n",
       "      <td>NaN</td>\n",
       "      <td>NaN</td>\n",
       "    </tr>\n",
       "    <tr>\n",
       "      <th>SPMO</th>\n",
       "      <td>NaN</td>\n",
       "      <td>NaN</td>\n",
       "      <td>NaN</td>\n",
       "      <td>NaN</td>\n",
       "      <td>NaN</td>\n",
       "      <td>NaN</td>\n",
       "      <td>NaN</td>\n",
       "      <td>NaN</td>\n",
       "      <td>NaN</td>\n",
       "      <td>NaN</td>\n",
       "    </tr>\n",
       "    <tr>\n",
       "      <th>QMOM</th>\n",
       "      <td>NaN</td>\n",
       "      <td>NaN</td>\n",
       "      <td>NaN</td>\n",
       "      <td>NaN</td>\n",
       "      <td>NaN</td>\n",
       "      <td>NaN</td>\n",
       "      <td>NaN</td>\n",
       "      <td>NaN</td>\n",
       "      <td>NaN</td>\n",
       "      <td>NaN</td>\n",
       "    </tr>\n",
       "    <tr>\n",
       "      <th>FDMO</th>\n",
       "      <td>NaN</td>\n",
       "      <td>NaN</td>\n",
       "      <td>NaN</td>\n",
       "      <td>NaN</td>\n",
       "      <td>NaN</td>\n",
       "      <td>NaN</td>\n",
       "      <td>NaN</td>\n",
       "      <td>NaN</td>\n",
       "      <td>NaN</td>\n",
       "      <td>NaN</td>\n",
       "    </tr>\n",
       "    <tr>\n",
       "      <th>MMTM</th>\n",
       "      <td>NaN</td>\n",
       "      <td>NaN</td>\n",
       "      <td>NaN</td>\n",
       "      <td>NaN</td>\n",
       "      <td>NaN</td>\n",
       "      <td>NaN</td>\n",
       "      <td>NaN</td>\n",
       "      <td>NaN</td>\n",
       "      <td>NaN</td>\n",
       "      <td>NaN</td>\n",
       "    </tr>\n",
       "  </tbody>\n",
       "</table>\n",
       "</div>"
      ],
      "text/plain": [
       "      CAPM                            FF4                         \n",
       "     alpha beta t_alpha t_beta nobs alpha beta t_alpha t_beta nobs\n",
       "MTUM   NaN  NaN     NaN    NaN  NaN   NaN  NaN     NaN    NaN  NaN\n",
       "PDP    NaN  NaN     NaN    NaN  NaN   NaN  NaN     NaN    NaN  NaN\n",
       "XMMO   NaN  NaN     NaN    NaN  NaN   NaN  NaN     NaN    NaN  NaN\n",
       "ONEO   NaN  NaN     NaN    NaN  NaN   NaN  NaN     NaN    NaN  NaN\n",
       "VFMO   NaN  NaN     NaN    NaN  NaN   NaN  NaN     NaN    NaN  NaN\n",
       "JMOM   NaN  NaN     NaN    NaN  NaN   NaN  NaN     NaN    NaN  NaN\n",
       "SPMO   NaN  NaN     NaN    NaN  NaN   NaN  NaN     NaN    NaN  NaN\n",
       "QMOM   NaN  NaN     NaN    NaN  NaN   NaN  NaN     NaN    NaN  NaN\n",
       "FDMO   NaN  NaN     NaN    NaN  NaN   NaN  NaN     NaN    NaN  NaN\n",
       "MMTM   NaN  NaN     NaN    NaN  NaN   NaN  NaN     NaN    NaN  NaN"
      ]
     },
     "execution_count": 5,
     "metadata": {},
     "output_type": "execute_result"
    }
   ],
   "source": [
    "stats = pd.DataFrame(dtype=float, columns=pd.MultiIndex.from_product([['CAPM','FF4'],['alpha','beta','t_alpha','t_beta','nobs']]), index=ticker_list)\n",
    "stats"
   ]
  },
  {
   "cell_type": "code",
   "execution_count": 6,
   "metadata": {},
   "outputs": [
    {
     "data": {
      "text/html": [
       "<div>\n",
       "<style scoped>\n",
       "    .dataframe tbody tr th:only-of-type {\n",
       "        vertical-align: middle;\n",
       "    }\n",
       "\n",
       "    .dataframe tbody tr th {\n",
       "        vertical-align: top;\n",
       "    }\n",
       "\n",
       "    .dataframe thead tr th {\n",
       "        text-align: left;\n",
       "    }\n",
       "</style>\n",
       "<table border=\"1\" class=\"dataframe\">\n",
       "  <thead>\n",
       "    <tr>\n",
       "      <th></th>\n",
       "      <th colspan=\"5\" halign=\"left\">CAPM</th>\n",
       "      <th colspan=\"8\" halign=\"left\">FF4</th>\n",
       "    </tr>\n",
       "    <tr>\n",
       "      <th></th>\n",
       "      <th>alpha</th>\n",
       "      <th>beta</th>\n",
       "      <th>t_alpha</th>\n",
       "      <th>t_beta</th>\n",
       "      <th>nobs</th>\n",
       "      <th>alpha</th>\n",
       "      <th>beta</th>\n",
       "      <th>t_alpha</th>\n",
       "      <th>t_beta</th>\n",
       "      <th>nobs</th>\n",
       "      <th>coeff_smb</th>\n",
       "      <th>coeff_hml</th>\n",
       "      <th>coeff_mom</th>\n",
       "    </tr>\n",
       "  </thead>\n",
       "  <tbody>\n",
       "    <tr>\n",
       "      <th>MTUM</th>\n",
       "      <td>-0.0005</td>\n",
       "      <td>0.9378</td>\n",
       "      <td>-0.3235</td>\n",
       "      <td>30.8076</td>\n",
       "      <td>75.0000</td>\n",
       "      <td>-0.0020</td>\n",
       "      <td>1.0201</td>\n",
       "      <td>-1.7842</td>\n",
       "      <td>41.9383</td>\n",
       "      <td>75.0000</td>\n",
       "      <td>-0.0014</td>\n",
       "      <td>-0.0790</td>\n",
       "      <td>0.2327</td>\n",
       "    </tr>\n",
       "    <tr>\n",
       "      <th>PDP</th>\n",
       "      <td>0.0007</td>\n",
       "      <td>0.9826</td>\n",
       "      <td>0.4031</td>\n",
       "      <td>31.7898</td>\n",
       "      <td>61.0000</td>\n",
       "      <td>-0.0006</td>\n",
       "      <td>1.0486</td>\n",
       "      <td>-0.4598</td>\n",
       "      <td>42.8383</td>\n",
       "      <td>61.0000</td>\n",
       "      <td>0.0109</td>\n",
       "      <td>-0.1063</td>\n",
       "      <td>0.1934</td>\n",
       "    </tr>\n",
       "    <tr>\n",
       "      <th>XMMO</th>\n",
       "      <td>0.0008</td>\n",
       "      <td>0.9237</td>\n",
       "      <td>0.7202</td>\n",
       "      <td>39.8148</td>\n",
       "      <td>122.0000</td>\n",
       "      <td>-0.0002</td>\n",
       "      <td>0.9841</td>\n",
       "      <td>-0.2525</td>\n",
       "      <td>43.2379</td>\n",
       "      <td>122.0000</td>\n",
       "      <td>-0.1419</td>\n",
       "      <td>-0.0050</td>\n",
       "      <td>0.1188</td>\n",
       "    </tr>\n",
       "    <tr>\n",
       "      <th>ONEO</th>\n",
       "      <td>0.0020</td>\n",
       "      <td>0.9017</td>\n",
       "      <td>1.1085</td>\n",
       "      <td>23.1686</td>\n",
       "      <td>116.0000</td>\n",
       "      <td>-0.0002</td>\n",
       "      <td>1.0211</td>\n",
       "      <td>-0.1691</td>\n",
       "      <td>34.0169</td>\n",
       "      <td>116.0000</td>\n",
       "      <td>-0.0616</td>\n",
       "      <td>-0.1210</td>\n",
       "      <td>0.3311</td>\n",
       "    </tr>\n",
       "    <tr>\n",
       "      <th>VFMO</th>\n",
       "      <td>-0.0019</td>\n",
       "      <td>1.0333</td>\n",
       "      <td>-1.2152</td>\n",
       "      <td>33.3102</td>\n",
       "      <td>84.0000</td>\n",
       "      <td>-0.0019</td>\n",
       "      <td>1.0172</td>\n",
       "      <td>-1.5246</td>\n",
       "      <td>36.1108</td>\n",
       "      <td>84.0000</td>\n",
       "      <td>0.1087</td>\n",
       "      <td>0.2145</td>\n",
       "      <td>0.0297</td>\n",
       "    </tr>\n",
       "    <tr>\n",
       "      <th>JMOM</th>\n",
       "      <td>-0.0009</td>\n",
       "      <td>1.0178</td>\n",
       "      <td>-0.6213</td>\n",
       "      <td>33.1461</td>\n",
       "      <td>189.0000</td>\n",
       "      <td>-0.0020</td>\n",
       "      <td>1.0923</td>\n",
       "      <td>-1.6113</td>\n",
       "      <td>38.2897</td>\n",
       "      <td>189.0000</td>\n",
       "      <td>0.1235</td>\n",
       "      <td>-0.1680</td>\n",
       "      <td>0.1940</td>\n",
       "    </tr>\n",
       "    <tr>\n",
       "      <th>SPMO</th>\n",
       "      <td>-0.0007</td>\n",
       "      <td>1.1103</td>\n",
       "      <td>-0.1491</td>\n",
       "      <td>12.5357</td>\n",
       "      <td>84.0000</td>\n",
       "      <td>-0.0021</td>\n",
       "      <td>1.2097</td>\n",
       "      <td>-0.6248</td>\n",
       "      <td>15.4399</td>\n",
       "      <td>84.0000</td>\n",
       "      <td>0.7800</td>\n",
       "      <td>0.0860</td>\n",
       "      <td>0.6729</td>\n",
       "    </tr>\n",
       "    <tr>\n",
       "      <th>QMOM</th>\n",
       "      <td>0.0026</td>\n",
       "      <td>0.8691</td>\n",
       "      <td>1.2604</td>\n",
       "      <td>20.3881</td>\n",
       "      <td>86.0000</td>\n",
       "      <td>0.0008</td>\n",
       "      <td>1.0082</td>\n",
       "      <td>0.5356</td>\n",
       "      <td>27.8954</td>\n",
       "      <td>86.0000</td>\n",
       "      <td>-0.1052</td>\n",
       "      <td>-0.0431</td>\n",
       "      <td>0.3428</td>\n",
       "    </tr>\n",
       "    <tr>\n",
       "      <th>FDMO</th>\n",
       "      <td>0.0010</td>\n",
       "      <td>1.0130</td>\n",
       "      <td>0.3338</td>\n",
       "      <td>19.0370</td>\n",
       "      <td>58.0000</td>\n",
       "      <td>-0.0001</td>\n",
       "      <td>1.0391</td>\n",
       "      <td>-0.0617</td>\n",
       "      <td>28.1661</td>\n",
       "      <td>58.0000</td>\n",
       "      <td>0.6077</td>\n",
       "      <td>0.1571</td>\n",
       "      <td>0.3730</td>\n",
       "    </tr>\n",
       "    <tr>\n",
       "      <th>MMTM</th>\n",
       "      <td>0.0010</td>\n",
       "      <td>1.0406</td>\n",
       "      <td>0.6477</td>\n",
       "      <td>30.8793</td>\n",
       "      <td>213.0000</td>\n",
       "      <td>0.0004</td>\n",
       "      <td>1.0627</td>\n",
       "      <td>0.2984</td>\n",
       "      <td>32.3917</td>\n",
       "      <td>213.0000</td>\n",
       "      <td>0.3186</td>\n",
       "      <td>-0.1284</td>\n",
       "      <td>0.1762</td>\n",
       "    </tr>\n",
       "  </tbody>\n",
       "</table>\n",
       "</div>"
      ],
      "text/plain": [
       "        CAPM                                     FF4                         \\\n",
       "       alpha   beta t_alpha  t_beta     nobs   alpha   beta t_alpha  t_beta   \n",
       "MTUM -0.0005 0.9378 -0.3235 30.8076  75.0000 -0.0020 1.0201 -1.7842 41.9383   \n",
       "PDP   0.0007 0.9826  0.4031 31.7898  61.0000 -0.0006 1.0486 -0.4598 42.8383   \n",
       "XMMO  0.0008 0.9237  0.7202 39.8148 122.0000 -0.0002 0.9841 -0.2525 43.2379   \n",
       "ONEO  0.0020 0.9017  1.1085 23.1686 116.0000 -0.0002 1.0211 -0.1691 34.0169   \n",
       "VFMO -0.0019 1.0333 -1.2152 33.3102  84.0000 -0.0019 1.0172 -1.5246 36.1108   \n",
       "JMOM -0.0009 1.0178 -0.6213 33.1461 189.0000 -0.0020 1.0923 -1.6113 38.2897   \n",
       "SPMO -0.0007 1.1103 -0.1491 12.5357  84.0000 -0.0021 1.2097 -0.6248 15.4399   \n",
       "QMOM  0.0026 0.8691  1.2604 20.3881  86.0000  0.0008 1.0082  0.5356 27.8954   \n",
       "FDMO  0.0010 1.0130  0.3338 19.0370  58.0000 -0.0001 1.0391 -0.0617 28.1661   \n",
       "MMTM  0.0010 1.0406  0.6477 30.8793 213.0000  0.0004 1.0627  0.2984 32.3917   \n",
       "\n",
       "                                             \n",
       "         nobs coeff_smb coeff_hml coeff_mom  \n",
       "MTUM  75.0000   -0.0014   -0.0790    0.2327  \n",
       "PDP   61.0000    0.0109   -0.1063    0.1934  \n",
       "XMMO 122.0000   -0.1419   -0.0050    0.1188  \n",
       "ONEO 116.0000   -0.0616   -0.1210    0.3311  \n",
       "VFMO  84.0000    0.1087    0.2145    0.0297  \n",
       "JMOM 189.0000    0.1235   -0.1680    0.1940  \n",
       "SPMO  84.0000    0.7800    0.0860    0.6729  \n",
       "QMOM  86.0000   -0.1052   -0.0431    0.3428  \n",
       "FDMO  58.0000    0.6077    0.1571    0.3730  \n",
       "MMTM 213.0000    0.3186   -0.1284    0.1762  "
      ]
     },
     "execution_count": 6,
     "metadata": {},
     "output_type": "execute_result"
    }
   ],
   "source": [
    "# Run the performance evaluations\n",
    "for tick in ticker_list:\n",
    "    # Market-model\n",
    "    mm = sm.OLS(df[tick]-df['RF'], sm.add_constant(df['Mkt-RF']),missing='drop').fit()\n",
    "    stats.loc[tick, ('CAPM','alpha')] = mm.params[0]\n",
    "    stats.loc[tick, ('CAPM','beta')]  = mm.params[1]\n",
    "    stats.loc[tick, ('CAPM','t_alpha')] = mm.tvalues[0]\n",
    "    stats.loc[tick, ('CAPM','t_beta')]  = mm.tvalues[1]\n",
    "    stats.loc[tick, ('CAPM','nobs')]  = mm.nobs\n",
    "\n",
    "    # Fama-French 4-factor model\n",
    "    ff4 = sm.OLS(df[tick]-df['RF'], sm.add_constant(df[['Mkt-RF','SMB','HML','Mom']]),missing='drop').fit()\n",
    "    stats.loc[tick, ('FF4','alpha')] = ff4.params[0]\n",
    "    stats.loc[tick, ('FF4','beta')]  = ff4.params[1]\n",
    "    stats.loc[tick, ('FF4','coeff_smb')]  = ff4.params[2]\n",
    "    stats.loc[tick, ('FF4','coeff_hml')]  = ff4.params[3]\n",
    "    stats.loc[tick, ('FF4','coeff_mom')]  = ff4.params[4]\n",
    "    stats.loc[tick, ('FF4','t_alpha')] = ff4.tvalues[0]\n",
    "    stats.loc[tick, ('FF4','t_beta')]  = ff4.tvalues[1]  \n",
    "    stats.loc[tick, ('FF4','nobs')]    = ff4.nobs \n",
    "stats"
   ]
  },
  {
   "cell_type": "code",
   "execution_count": 7,
   "metadata": {},
   "outputs": [
    {
     "data": {
      "text/html": [
       "<div>\n",
       "<style scoped>\n",
       "    .dataframe tbody tr th:only-of-type {\n",
       "        vertical-align: middle;\n",
       "    }\n",
       "\n",
       "    .dataframe tbody tr th {\n",
       "        vertical-align: top;\n",
       "    }\n",
       "\n",
       "    .dataframe thead tr th {\n",
       "        text-align: left;\n",
       "    }\n",
       "</style>\n",
       "<table border=\"1\" class=\"dataframe\">\n",
       "  <thead>\n",
       "    <tr>\n",
       "      <th></th>\n",
       "      <th colspan=\"5\" halign=\"left\">CAPM</th>\n",
       "      <th colspan=\"8\" halign=\"left\">FF4</th>\n",
       "    </tr>\n",
       "    <tr>\n",
       "      <th></th>\n",
       "      <th>alpha</th>\n",
       "      <th>beta</th>\n",
       "      <th>t_alpha</th>\n",
       "      <th>t_beta</th>\n",
       "      <th>nobs</th>\n",
       "      <th>alpha</th>\n",
       "      <th>beta</th>\n",
       "      <th>t_alpha</th>\n",
       "      <th>t_beta</th>\n",
       "      <th>nobs</th>\n",
       "      <th>coeff_smb</th>\n",
       "      <th>coeff_hml</th>\n",
       "      <th>coeff_mom</th>\n",
       "    </tr>\n",
       "  </thead>\n",
       "  <tbody>\n",
       "    <tr>\n",
       "      <th>QMOM</th>\n",
       "      <td>0.0026</td>\n",
       "      <td>0.8691</td>\n",
       "      <td>1.2604</td>\n",
       "      <td>20.3881</td>\n",
       "      <td>86.0000</td>\n",
       "      <td>0.0008</td>\n",
       "      <td>1.0082</td>\n",
       "      <td>0.5356</td>\n",
       "      <td>27.8954</td>\n",
       "      <td>86.0000</td>\n",
       "      <td>-0.1052</td>\n",
       "      <td>-0.0431</td>\n",
       "      <td>0.3428</td>\n",
       "    </tr>\n",
       "    <tr>\n",
       "      <th>ONEO</th>\n",
       "      <td>0.0020</td>\n",
       "      <td>0.9017</td>\n",
       "      <td>1.1085</td>\n",
       "      <td>23.1686</td>\n",
       "      <td>116.0000</td>\n",
       "      <td>-0.0002</td>\n",
       "      <td>1.0211</td>\n",
       "      <td>-0.1691</td>\n",
       "      <td>34.0169</td>\n",
       "      <td>116.0000</td>\n",
       "      <td>-0.0616</td>\n",
       "      <td>-0.1210</td>\n",
       "      <td>0.3311</td>\n",
       "    </tr>\n",
       "    <tr>\n",
       "      <th>XMMO</th>\n",
       "      <td>0.0008</td>\n",
       "      <td>0.9237</td>\n",
       "      <td>0.7202</td>\n",
       "      <td>39.8148</td>\n",
       "      <td>122.0000</td>\n",
       "      <td>-0.0002</td>\n",
       "      <td>0.9841</td>\n",
       "      <td>-0.2525</td>\n",
       "      <td>43.2379</td>\n",
       "      <td>122.0000</td>\n",
       "      <td>-0.1419</td>\n",
       "      <td>-0.0050</td>\n",
       "      <td>0.1188</td>\n",
       "    </tr>\n",
       "    <tr>\n",
       "      <th>MMTM</th>\n",
       "      <td>0.0010</td>\n",
       "      <td>1.0406</td>\n",
       "      <td>0.6477</td>\n",
       "      <td>30.8793</td>\n",
       "      <td>213.0000</td>\n",
       "      <td>0.0004</td>\n",
       "      <td>1.0627</td>\n",
       "      <td>0.2984</td>\n",
       "      <td>32.3917</td>\n",
       "      <td>213.0000</td>\n",
       "      <td>0.3186</td>\n",
       "      <td>-0.1284</td>\n",
       "      <td>0.1762</td>\n",
       "    </tr>\n",
       "    <tr>\n",
       "      <th>PDP</th>\n",
       "      <td>0.0007</td>\n",
       "      <td>0.9826</td>\n",
       "      <td>0.4031</td>\n",
       "      <td>31.7898</td>\n",
       "      <td>61.0000</td>\n",
       "      <td>-0.0006</td>\n",
       "      <td>1.0486</td>\n",
       "      <td>-0.4598</td>\n",
       "      <td>42.8383</td>\n",
       "      <td>61.0000</td>\n",
       "      <td>0.0109</td>\n",
       "      <td>-0.1063</td>\n",
       "      <td>0.1934</td>\n",
       "    </tr>\n",
       "    <tr>\n",
       "      <th>FDMO</th>\n",
       "      <td>0.0010</td>\n",
       "      <td>1.0130</td>\n",
       "      <td>0.3338</td>\n",
       "      <td>19.0370</td>\n",
       "      <td>58.0000</td>\n",
       "      <td>-0.0001</td>\n",
       "      <td>1.0391</td>\n",
       "      <td>-0.0617</td>\n",
       "      <td>28.1661</td>\n",
       "      <td>58.0000</td>\n",
       "      <td>0.6077</td>\n",
       "      <td>0.1571</td>\n",
       "      <td>0.3730</td>\n",
       "    </tr>\n",
       "    <tr>\n",
       "      <th>SPMO</th>\n",
       "      <td>-0.0007</td>\n",
       "      <td>1.1103</td>\n",
       "      <td>-0.1491</td>\n",
       "      <td>12.5357</td>\n",
       "      <td>84.0000</td>\n",
       "      <td>-0.0021</td>\n",
       "      <td>1.2097</td>\n",
       "      <td>-0.6248</td>\n",
       "      <td>15.4399</td>\n",
       "      <td>84.0000</td>\n",
       "      <td>0.7800</td>\n",
       "      <td>0.0860</td>\n",
       "      <td>0.6729</td>\n",
       "    </tr>\n",
       "    <tr>\n",
       "      <th>MTUM</th>\n",
       "      <td>-0.0005</td>\n",
       "      <td>0.9378</td>\n",
       "      <td>-0.3235</td>\n",
       "      <td>30.8076</td>\n",
       "      <td>75.0000</td>\n",
       "      <td>-0.0020</td>\n",
       "      <td>1.0201</td>\n",
       "      <td>-1.7842</td>\n",
       "      <td>41.9383</td>\n",
       "      <td>75.0000</td>\n",
       "      <td>-0.0014</td>\n",
       "      <td>-0.0790</td>\n",
       "      <td>0.2327</td>\n",
       "    </tr>\n",
       "    <tr>\n",
       "      <th>JMOM</th>\n",
       "      <td>-0.0009</td>\n",
       "      <td>1.0178</td>\n",
       "      <td>-0.6213</td>\n",
       "      <td>33.1461</td>\n",
       "      <td>189.0000</td>\n",
       "      <td>-0.0020</td>\n",
       "      <td>1.0923</td>\n",
       "      <td>-1.6113</td>\n",
       "      <td>38.2897</td>\n",
       "      <td>189.0000</td>\n",
       "      <td>0.1235</td>\n",
       "      <td>-0.1680</td>\n",
       "      <td>0.1940</td>\n",
       "    </tr>\n",
       "    <tr>\n",
       "      <th>VFMO</th>\n",
       "      <td>-0.0019</td>\n",
       "      <td>1.0333</td>\n",
       "      <td>-1.2152</td>\n",
       "      <td>33.3102</td>\n",
       "      <td>84.0000</td>\n",
       "      <td>-0.0019</td>\n",
       "      <td>1.0172</td>\n",
       "      <td>-1.5246</td>\n",
       "      <td>36.1108</td>\n",
       "      <td>84.0000</td>\n",
       "      <td>0.1087</td>\n",
       "      <td>0.2145</td>\n",
       "      <td>0.0297</td>\n",
       "    </tr>\n",
       "  </tbody>\n",
       "</table>\n",
       "</div>"
      ],
      "text/plain": [
       "        CAPM                                     FF4                         \\\n",
       "       alpha   beta t_alpha  t_beta     nobs   alpha   beta t_alpha  t_beta   \n",
       "QMOM  0.0026 0.8691  1.2604 20.3881  86.0000  0.0008 1.0082  0.5356 27.8954   \n",
       "ONEO  0.0020 0.9017  1.1085 23.1686 116.0000 -0.0002 1.0211 -0.1691 34.0169   \n",
       "XMMO  0.0008 0.9237  0.7202 39.8148 122.0000 -0.0002 0.9841 -0.2525 43.2379   \n",
       "MMTM  0.0010 1.0406  0.6477 30.8793 213.0000  0.0004 1.0627  0.2984 32.3917   \n",
       "PDP   0.0007 0.9826  0.4031 31.7898  61.0000 -0.0006 1.0486 -0.4598 42.8383   \n",
       "FDMO  0.0010 1.0130  0.3338 19.0370  58.0000 -0.0001 1.0391 -0.0617 28.1661   \n",
       "SPMO -0.0007 1.1103 -0.1491 12.5357  84.0000 -0.0021 1.2097 -0.6248 15.4399   \n",
       "MTUM -0.0005 0.9378 -0.3235 30.8076  75.0000 -0.0020 1.0201 -1.7842 41.9383   \n",
       "JMOM -0.0009 1.0178 -0.6213 33.1461 189.0000 -0.0020 1.0923 -1.6113 38.2897   \n",
       "VFMO -0.0019 1.0333 -1.2152 33.3102  84.0000 -0.0019 1.0172 -1.5246 36.1108   \n",
       "\n",
       "                                             \n",
       "         nobs coeff_smb coeff_hml coeff_mom  \n",
       "QMOM  86.0000   -0.1052   -0.0431    0.3428  \n",
       "ONEO 116.0000   -0.0616   -0.1210    0.3311  \n",
       "XMMO 122.0000   -0.1419   -0.0050    0.1188  \n",
       "MMTM 213.0000    0.3186   -0.1284    0.1762  \n",
       "PDP   61.0000    0.0109   -0.1063    0.1934  \n",
       "FDMO  58.0000    0.6077    0.1571    0.3730  \n",
       "SPMO  84.0000    0.7800    0.0860    0.6729  \n",
       "MTUM  75.0000   -0.0014   -0.0790    0.2327  \n",
       "JMOM 189.0000    0.1235   -0.1680    0.1940  \n",
       "VFMO  84.0000    0.1087    0.2145    0.0297  "
      ]
     },
     "execution_count": 7,
     "metadata": {},
     "output_type": "execute_result"
    }
   ],
   "source": [
    "# Sort to find the highest historical alpha\n",
    "stats.sort_values(by=[('CAPM','t_alpha')], ascending=False)"
   ]
  },
  {
   "cell_type": "code",
   "execution_count": 8,
   "metadata": {},
   "outputs": [
    {
     "name": "stdout",
     "output_type": "stream",
     "text": [
      "-0.79%\n"
     ]
    }
   ],
   "source": [
    "alpha = stats.loc['SPMO',('CAPM','alpha')]*12\n",
    "print(f'{alpha: .2%}')"
   ]
  },
  {
   "cell_type": "code",
   "execution_count": 9,
   "metadata": {},
   "outputs": [
    {
     "name": "stdout",
     "output_type": "stream",
     "text": [
      "                            OLS Regression Results                            \n",
      "==============================================================================\n",
      "Dep. Variable:                      y   R-squared:                       0.804\n",
      "Model:                            OLS   Adj. R-squared:                  0.794\n",
      "Method:                 Least Squares   F-statistic:                     80.96\n",
      "Date:                Mon, 10 Apr 2023   Prob (F-statistic):           3.71e-27\n",
      "Time:                        12:49:16   Log-Likelihood:                 176.67\n",
      "No. Observations:                  84   AIC:                            -343.3\n",
      "Df Residuals:                      79   BIC:                            -331.2\n",
      "Df Model:                           4                                         \n",
      "Covariance Type:            nonrobust                                         \n",
      "==============================================================================\n",
      "                 coef    std err          t      P>|t|      [0.025      0.975]\n",
      "------------------------------------------------------------------------------\n",
      "const         -0.0021      0.003     -0.625      0.534      -0.009       0.005\n",
      "Mkt-RF         1.2097      0.078     15.440      0.000       1.054       1.366\n",
      "SMB            0.7800      0.137      5.688      0.000       0.507       1.053\n",
      "HML            0.0860      0.091      0.950      0.345      -0.094       0.266\n",
      "Mom            0.6729      0.110      6.109      0.000       0.454       0.892\n",
      "==============================================================================\n",
      "Omnibus:                        0.934   Durbin-Watson:                   2.067\n",
      "Prob(Omnibus):                  0.627   Jarque-Bera (JB):                0.975\n",
      "Skew:                           0.133   Prob(JB):                        0.614\n",
      "Kurtosis:                       2.544   Cond. No.                         43.5\n",
      "==============================================================================\n",
      "\n",
      "Notes:\n",
      "[1] Standard Errors assume that the covariance matrix of the errors is correctly specified.\n"
     ]
    }
   ],
   "source": [
    "ff4 = sm.OLS(df['SPMO']-df['RF'], sm.add_constant(df[['Mkt-RF','SMB','HML','Mom']]),missing='drop').fit()\n",
    "print(ff4.summary())"
   ]
  },
  {
   "cell_type": "code",
   "execution_count": null,
   "metadata": {},
   "outputs": [],
   "source": []
  }
 ],
 "metadata": {
  "kernelspec": {
   "display_name": "Python 3.10.6 ('venv': venv)",
   "language": "python",
   "name": "python3"
  },
  "language_info": {
   "codemirror_mode": {
    "name": "ipython",
    "version": 3
   },
   "file_extension": ".py",
   "mimetype": "text/x-python",
   "name": "python",
   "nbconvert_exporter": "python",
   "pygments_lexer": "ipython3",
   "version": "3.10.6"
  },
  "orig_nbformat": 4,
  "vscode": {
   "interpreter": {
    "hash": "cc788b38d8cb434c82f45ef9d481d0310e17b79321e4c8cbfbfe90f656a3f023"
   }
  }
 },
 "nbformat": 4,
 "nbformat_minor": 2
}
